,town_name,0,1,2,3,4,5,6,7,8,9,10,11,12,13,14,15,16,17,18,19,20,21,22,23,24,25,26,27,28,29,30,31,32,33,34,35,36,37,38,39,40,41,42,43,44,45,46,47,48,49,50,51,52,53,54,55,56,57,58,59,60,61,62,63,64,65,66,67,68,69,70,71,72,73,74,75,76,77,78,79,80,81,82,83,84,85,86,87,88,89,90,91,92,93,94,95,96,97,98,99,100+,0-4,5-9,10-14,15-19,20-24,25-29,30-34,35-39,40-44,45-49,50-54,55-59,60-64,65-69,70-74,75-79,80-84,85-89,90+
0,青山１丁目,3,2,3,4,4,7,5,5,4,1,3,2,5,1,6,0,6,2,3,5,6,6,7,5,7,6,3,1,4,2,4,8,4,5,7,7,9,3,3,5,8,8,7,8,8,16,4,9,6,9,3,9,7,6,4,10,3,2,5,8,4,4,7,7,13,10,9,8,6,7,9,5,7,6,2,7,7,11,6,3,4,3,9,1,1,3,2,1,4,4,5,3,3,1,1,0,1,1,1,0,0,16,22,17,16,31,16,28,27,39,44,29,28,35,40,29,34,18,14,16
1,青山２丁目,5,4,4,8,4,4,7,4,3,8,6,3,3,5,3,2,4,4,5,8,13,17,16,11,14,16,15,11,9,12,4,4,11,11,9,5,10,9,12,13,15,10,11,13,6,12,13,12,12,14,15,13,12,7,10,10,11,11,8,4,4,11,7,6,8,10,15,7,16,7,4,10,19,9,9,7,8,7,6,5,2,8,5,3,7,4,4,3,1,3,1,2,0,2,1,0,0,0,0,0,0,25,26,20,23,71,63,39,49,55,63,57,44,36,55,51,33,25,15,6
17,秋保町境野（大字計）,1,0,0,2,0,2,0,2,2,1,0,0,1,2,2,1,1,2,0,0,1,1,1,0,0,0,1,1,0,1,0,1,0,1,2,2,0,4,1,1,2,4,3,2,0,3,1,2,3,3,2,0,0,3,1,1,2,2,0,2,5,1,2,3,4,4,3,8,1,6,4,3,5,5,1,1,2,1,2,1,2,1,1,1,0,1,0,2,1,0,0,0,0,0,1,0,0,0,0,0,0,3,7,5,4,3,3,4,8,11,12,6,7,15,22,18,7,5,4,1
69,秋保町長袋（大字計）,3,5,6,1,7,3,2,1,2,4,2,2,4,4,4,1,5,5,3,7,1,2,1,3,1,6,2,4,3,1,3,4,6,7,4,5,5,2,8,4,8,9,6,7,7,5,7,4,9,9,6,5,7,2,7,7,3,4,9,5,5,6,11,8,8,6,8,11,18,15,15,20,8,8,10,5,10,6,1,4,4,3,8,4,1,7,6,5,0,2,0,1,2,3,1,1,0,2,0,0,0,22,12,16,21,8,16,24,24,37,34,27,28,38,58,61,26,20,20,10
96,秋保町馬場（大字計）,1,3,0,3,2,0,1,0,3,1,1,0,2,2,6,2,3,1,1,4,3,3,3,1,1,0,0,4,2,0,1,2,5,1,1,3,3,4,6,4,1,3,0,7,5,1,4,2,5,1,5,6,6,1,4,3,4,5,3,7,3,8,5,4,10,6,4,6,2,12,9,5,6,6,6,2,2,2,2,3,3,3,3,2,2,5,2,3,1,2,0,2,1,0,0,1,0,0,0,1,0,9,5,11,11,11,6,10,20,16,13,22,22,30,30,32,11,13,13,5
97,秋保町湯向,3,1,6,4,1,2,2,1,6,4,6,2,3,1,1,2,3,0,5,3,6,4,3,2,1,4,2,3,3,1,3,2,4,3,3,4,3,3,3,4,5,4,5,1,2,5,5,8,5,6,4,1,6,2,1,2,4,5,2,1,0,3,3,2,3,3,3,4,4,1,5,5,3,2,1,5,2,3,2,2,2,2,2,2,0,1,3,0,0,0,0,0,0,0,0,0,0,0,0,0,0,15,15,13,13,16,13,15,17,17,29,14,14,11,15,16,14,8,4,0
121,秋保町湯元（大字計）,4,4,4,5,3,5,2,3,1,2,0,6,3,7,0,4,5,7,5,14,10,8,10,2,6,5,4,8,8,9,6,6,6,8,5,8,5,7,12,8,11,12,7,12,12,12,19,15,10,13,12,10,5,10,13,8,5,8,10,11,6,10,6,7,7,8,9,10,22,16,23,13,14,7,7,9,13,9,9,6,8,2,5,6,3,4,2,5,0,0,1,1,0,1,0,1,0,0,0,1,0,20,13,16,35,36,34,31,40,54,69,50,42,36,65,64,46,24,11,5
122,芦の口,1,3,3,6,4,2,3,1,8,2,4,2,5,3,5,2,7,1,4,7,3,4,3,3,5,2,4,2,1,1,3,3,2,2,0,2,6,2,3,4,2,4,5,9,5,5,8,13,7,6,5,2,2,5,5,4,7,6,5,4,4,6,4,2,1,4,2,5,4,7,4,9,10,2,4,2,3,3,7,4,2,4,2,2,5,2,3,2,3,1,2,1,0,0,2,0,0,0,0,0,0,17,16,19,21,18,10,10,17,25,39,19,26,17,22,29,19,15,11,5
123,あすと長町１丁目,16,8,9,7,10,5,2,3,4,1,1,2,3,0,2,1,3,0,3,3,0,0,5,0,3,13,3,5,13,10,8,15,12,14,8,10,12,10,15,5,9,6,3,5,8,3,6,4,7,13,5,6,2,2,3,6,5,4,4,5,3,3,4,1,4,3,2,3,3,0,1,4,3,0,0,2,2,2,0,0,1,1,2,1,3,2,0,3,2,1,2,1,1,2,1,1,1,0,0,1,0,50,15,8,10,8,44,57,52,31,33,18,24,15,11,8,6,8,8,10
124,あすと長町３丁目,3,7,2,10,6,5,7,9,7,10,5,3,8,3,3,1,3,6,5,1,0,2,3,3,6,4,8,12,10,5,8,8,4,6,18,8,7,11,14,9,10,16,8,11,13,11,11,11,7,10,9,5,5,5,3,3,3,3,0,1,3,3,1,3,3,4,3,3,0,4,2,2,0,1,1,2,1,1,0,2,1,0,0,0,0,1,0,0,1,0,0,0,0,0,0,0,0,0,0,0,0,28,38,22,16,14,39,44,49,58,50,27,10,13,14,6,6,1,2,0
125,あすと長町４丁目,45,35,47,46,26,30,18,26,15,18,10,18,14,9,12,7,14,11,10,6,7,10,5,5,4,11,6,8,18,20,22,32,38,45,44,38,38,47,49,34,36,39,33,41,27,29,32,28,22,20,19,21,19,10,13,13,16,14,12,10,8,10,9,6,7,6,6,11,4,5,7,11,10,4,2,2,5,1,5,3,3,1,1,3,1,3,1,2,3,1,0,0,0,0,0,0,0,0,0,0,0,199,107,63,48,31,63,181,206,176,131,82,65,40,32,34,16,9,10,0
126,泉崎１丁目,7,10,10,10,14,11,8,10,11,8,10,10,17,16,13,11,5,8,19,4,3,8,14,15,17,12,15,13,22,16,11,17,22,15,20,24,15,18,14,16,20,13,16,18,21,18,31,26,24,18,19,14,25,11,19,22,13,21,13,11,12,17,20,15,18,11,8,21,15,8,12,16,12,4,7,7,7,3,6,10,2,5,2,5,2,6,3,4,1,2,5,2,2,2,0,0,0,0,1,0,0,51,48,66,47,57,78,85,87,88,117,88,80,82,63,51,33,16,16,12
127,泉崎２丁目,10,14,5,8,9,13,5,4,5,8,5,7,10,2,5,4,4,6,3,10,5,12,8,17,13,11,13,10,7,13,9,12,15,10,16,16,23,16,24,12,20,14,13,11,11,12,13,11,14,18,12,13,9,7,9,7,12,10,6,10,8,7,6,6,5,8,7,11,8,5,12,7,8,6,1,1,2,1,2,4,2,3,5,7,5,0,1,1,0,2,0,0,0,0,0,1,0,0,0,0,0,46,35,29,27,55,54,62,91,69,68,50,45,32,39,34,10,22,4,1
128,大塒町,6,2,2,5,8,7,3,7,6,4,6,4,5,3,2,4,3,2,7,4,4,3,7,9,6,3,6,1,3,6,5,2,5,6,2,9,6,4,12,7,5,9,3,11,8,4,9,10,13,9,7,9,5,8,6,11,7,6,6,10,4,4,8,9,6,6,6,6,8,5,10,5,8,10,4,8,7,6,8,4,7,3,5,2,4,1,0,2,1,3,2,1,1,2,3,2,2,0,0,0,0,23,27,20,20,29,19,20,38,36,45,35,40,31,31,37,33,21,7,13
131,大野田（大字計）,0,0,0,0,0,0,0,1,0,0,0,2,1,1,0,0,0,0,0,0,0,0,0,2,0,0,2,0,0,0,0,0,0,0,0,0,1,0,2,0,0,0,1,1,0,0,2,1,0,0,0,0,1,0,1,0,0,0,1,0,1,0,0,0,0,0,0,0,0,0,0,1,0,0,0,0,1,0,0,0,0,1,0,0,0,0,0,0,0,0,0,0,0,0,0,0,0,0,0,0,0,0,1,4,0,2,2,0,3,2,3,2,1,1,0,1,1,1,0,0
132,大野田１丁目,2,2,1,3,2,5,7,1,4,5,3,7,3,5,5,4,4,2,6,2,9,4,9,5,6,2,5,5,3,6,1,5,7,8,3,3,4,3,5,3,2,4,7,6,3,8,6,6,4,9,5,9,6,7,10,7,2,4,4,9,7,3,6,7,4,7,5,6,3,4,0,3,1,2,2,1,3,2,2,3,0,1,1,1,2,2,0,0,0,0,1,0,0,1,0,0,0,0,0,0,0,10,22,23,18,33,21,24,18,22,33,37,26,27,25,8,11,5,2,2
133,大野田２丁目,3,3,8,9,3,9,7,9,8,3,6,6,6,5,2,7,5,9,9,7,3,6,4,7,6,6,3,8,7,9,10,6,4,6,8,6,6,9,12,10,12,12,4,10,6,8,12,11,13,5,10,2,7,9,5,7,11,6,10,5,5,9,2,5,10,9,3,8,7,3,5,7,7,3,0,0,3,3,2,4,5,1,2,0,6,2,0,0,0,0,1,1,0,0,0,0,1,0,0,0,0,26,36,25,37,26,33,34,43,44,49,33,39,31,30,22,12,14,2,3
134,大野田３丁目,7,7,7,9,5,5,7,6,6,3,5,5,9,0,9,4,5,9,3,10,11,4,8,5,5,4,8,5,14,11,4,18,10,12,9,6,10,8,9,8,6,7,8,6,15,12,16,11,17,10,8,10,11,6,5,11,7,3,3,2,5,6,1,4,6,4,7,0,2,3,2,4,5,2,3,5,4,3,4,4,1,4,1,3,1,0,0,0,0,2,1,0,1,0,1,0,0,0,0,1,0,35,27,28,31,33,42,53,41,42,66,40,26,22,16,16,20,10,2,4
135,大野田４丁目,19,10,14,22,16,21,13,13,15,16,9,17,6,6,7,7,3,8,6,4,6,6,0,4,4,5,5,3,2,10,8,15,20,5,18,15,16,18,22,14,21,20,17,19,13,12,16,20,16,10,10,16,11,7,9,5,6,4,5,8,2,5,3,4,0,4,0,4,2,4,4,0,1,2,3,1,2,2,4,1,1,4,2,2,3,3,1,2,2,3,1,0,1,2,0,0,0,0,0,0,0,81,78,45,28,20,25,66,85,90,74,53,28,14,14,10,10,12,11,4
136,大野田５丁目,11,14,17,15,15,11,10,5,12,13,8,12,7,7,4,8,4,5,8,12,7,4,5,5,5,6,12,12,9,13,9,19,17,14,7,19,12,13,15,15,15,14,14,15,18,21,20,17,12,14,6,15,14,7,7,4,4,6,4,6,5,3,6,2,2,4,8,4,2,3,7,4,6,8,3,3,2,3,7,4,4,2,3,1,1,6,3,0,1,0,1,0,0,0,0,1,1,0,0,0,0,72,51,38,37,26,52,66,74,76,84,49,24,18,21,28,19,11,10,3
137,大谷地,1,9,9,10,6,6,3,3,3,7,6,7,6,5,4,7,1,7,7,3,4,5,4,6,8,3,4,4,3,3,1,6,12,3,8,6,6,10,11,6,8,6,6,10,6,8,7,14,3,3,6,4,4,4,8,6,7,5,6,10,2,4,3,7,4,3,8,7,5,6,6,5,5,1,3,5,5,5,3,2,3,5,3,5,2,3,4,0,0,1,2,0,0,1,0,2,0,0,0,0,0,35,22,28,25,27,17,30,39,36,35,26,34,20,29,20,20,18,8,5
142,鈎取（大字計）,2,2,5,4,2,2,2,5,5,4,4,2,4,5,4,5,5,8,0,2,4,4,3,3,1,1,3,4,4,2,2,3,2,4,1,4,5,2,3,3,3,8,6,9,4,9,9,5,6,3,8,6,4,7,3,3,5,3,3,6,5,3,3,3,5,5,0,11,3,3,7,2,2,6,3,4,4,2,4,6,3,4,0,1,0,2,3,2,0,1,0,0,0,0,0,1,0,0,0,0,0,15,18,19,20,15,14,12,17,30,32,28,20,19,22,20,20,8,8,1
143,鈎取１丁目,1,2,2,1,1,3,2,3,3,0,2,2,0,2,1,1,6,2,1,5,3,1,2,4,0,3,3,2,1,5,4,4,2,6,3,2,2,7,5,2,4,8,1,2,7,3,4,2,3,6,3,4,9,4,2,1,3,9,4,5,1,5,6,9,5,4,3,5,6,6,5,3,5,0,2,5,4,2,4,1,1,3,0,3,0,6,2,1,1,0,1,0,0,0,0,0,0,0,0,0,0,7,11,7,15,10,14,19,18,22,18,22,22,26,24,15,16,7,10,1
144,鈎取２丁目,5,1,6,2,3,3,6,1,9,7,6,6,6,3,2,4,5,5,8,5,3,5,2,1,3,4,1,8,7,4,4,4,4,7,8,9,5,7,8,8,9,10,6,11,9,11,9,12,7,6,11,9,11,7,11,5,14,9,8,4,10,5,3,8,5,4,15,8,18,12,12,13,14,8,7,16,17,6,8,10,11,9,5,6,5,4,2,2,1,1,1,1,0,1,2,0,0,0,0,0,0,17,26,23,27,14,24,27,37,45,45,49,40,31,57,54,57,36,10,5
145,鈎取３丁目,2,1,3,2,3,3,5,7,1,5,3,3,1,4,4,3,4,4,5,4,2,4,3,3,9,1,5,2,2,1,6,1,6,2,6,3,8,6,2,9,11,7,14,5,9,5,10,5,2,4,4,5,5,9,5,5,6,3,7,6,5,3,7,5,4,7,3,8,9,10,14,10,4,7,6,4,6,5,1,7,0,1,3,1,2,2,5,0,2,2,2,0,2,1,0,1,1,0,0,0,0,11,21,15,20,21,11,21,28,46,26,28,27,24,37,41,23,7,11,7
146,鈎取４丁目,8,7,6,2,13,8,7,6,6,11,4,5,2,5,4,3,6,4,7,8,8,4,5,9,6,2,1,12,9,9,10,8,7,10,8,6,7,10,13,16,14,10,13,13,15,14,17,7,10,9,7,10,18,5,4,8,4,9,4,11,5,4,6,7,5,6,5,6,5,11,8,8,8,5,5,4,6,6,3,6,3,11,1,5,4,1,3,0,1,1,1,0,0,1,2,0,1,0,0,0,0,36,38,20,28,32,33,43,52,65,57,44,36,27,33,34,25,24,6,5
147,鈎取本町１丁目,3,2,3,2,2,6,5,2,3,7,4,5,6,1,2,4,9,3,1,6,2,8,6,3,2,3,2,6,5,5,5,3,4,3,5,4,6,1,8,8,10,7,1,8,11,7,7,9,13,6,5,9,3,3,6,3,6,5,4,7,3,10,4,4,3,3,3,8,4,6,8,6,8,3,2,6,8,3,6,6,2,2,4,4,2,3,3,2,0,2,2,0,0,2,0,0,0,0,0,0,1,12,23,18,23,21,21,20,27,37,42,26,25,24,24,27,29,14,10,5
148,鈎取本町２丁目,3,4,7,11,7,6,2,2,3,6,3,1,3,3,6,4,4,7,6,3,4,4,2,1,4,3,5,6,1,3,6,13,4,4,5,5,9,6,6,4,10,6,8,10,11,6,2,8,3,3,8,10,3,2,3,9,3,6,4,3,5,4,3,4,3,2,3,7,9,4,1,6,8,4,5,2,2,1,2,5,4,1,5,1,2,0,0,1,1,1,1,0,0,1,0,0,0,0,0,0,0,32,19,16,24,15,18,32,30,45,22,26,25,19,25,24,12,13,3,2
149,鹿野１丁目,4,2,3,1,4,5,4,6,1,6,4,2,2,5,2,2,5,7,7,3,3,9,3,2,3,5,2,6,2,10,5,6,6,5,2,7,6,4,7,4,6,6,6,5,6,2,7,7,10,2,2,6,6,7,7,6,8,6,6,3,4,2,5,3,4,4,2,1,6,7,4,5,2,3,0,4,3,1,7,1,1,4,3,2,1,2,3,0,1,0,3,1,0,1,0,0,1,0,0,0,0,14,22,15,24,20,25,24,28,29,28,28,29,18,20,14,16,11,6,6
150,鹿野２丁目,4,6,5,2,3,2,4,4,5,7,5,9,5,5,9,5,4,5,6,6,5,6,5,4,3,6,4,8,4,4,8,6,5,10,12,10,10,10,7,9,9,4,9,5,16,12,15,8,10,4,8,11,5,7,15,8,9,5,12,6,5,6,11,8,12,10,8,9,8,14,8,11,11,6,9,5,5,2,7,7,0,7,3,5,2,6,4,2,2,1,2,1,3,0,1,0,0,0,0,0,0,20,22,33,26,23,26,41,46,43,49,46,40,42,49,45,26,17,15,7
151,鹿野３丁目,7,12,12,8,15,10,10,11,10,14,15,15,16,15,12,16,16,9,12,14,13,11,20,19,20,17,14,14,13,19,15,22,16,22,19,11,20,15,26,18,23,22,22,21,32,22,26,26,27,19,19,33,38,9,10,23,16,16,13,16,16,17,15,13,14,15,13,15,11,13,18,7,11,8,11,7,6,6,7,6,6,1,6,6,4,3,1,2,0,2,1,1,1,0,2,0,0,0,0,0,0,54,55,73,67,83,77,94,90,120,120,109,84,75,67,55,32,23,8,5
152,鹿野本町,6,2,4,5,6,3,6,9,7,9,5,5,8,5,7,5,5,4,8,4,11,4,4,11,7,4,7,7,9,8,4,5,8,8,6,5,8,10,10,6,12,10,7,5,8,3,4,8,12,8,10,10,5,10,8,6,6,4,14,6,7,9,8,9,8,10,3,10,8,10,6,11,7,6,7,3,7,2,3,6,2,1,4,2,4,3,3,3,2,0,0,1,1,0,1,0,0,0,1,0,0,23,34,30,26,37,35,31,39,42,35,43,36,41,41,37,21,13,11,4
153,上野山１丁目,6,7,8,3,2,6,10,3,3,4,7,3,5,5,4,9,2,7,4,6,6,3,7,4,8,4,6,9,7,3,5,4,10,8,9,5,10,6,8,8,10,11,11,4,6,11,6,11,7,9,9,16,11,7,8,10,5,5,9,7,5,8,5,8,4,7,6,8,7,7,10,6,11,5,6,8,4,3,8,5,11,6,3,3,10,9,2,3,2,1,1,0,0,1,1,0,0,0,0,0,0,26,26,24,28,28,29,36,37,42,44,51,36,30,35,38,28,33,17,3
154,上野山２丁目,3,1,2,2,4,8,2,3,1,2,5,4,5,5,5,8,3,4,4,3,2,7,1,5,5,1,2,2,2,3,0,3,1,3,2,2,4,6,5,6,5,6,3,7,7,5,9,5,10,5,1,8,7,5,8,1,4,2,3,3,2,3,2,3,6,4,3,4,4,4,6,5,14,5,7,7,7,6,16,7,8,3,3,1,2,4,3,3,2,3,2,1,0,1,2,0,0,0,0,0,0,12,16,24,22,20,10,9,23,28,34,29,13,16,19,37,43,17,15,6
155,上野山３丁目,0,1,0,0,0,0,0,1,2,1,1,0,0,0,2,0,0,1,1,0,0,3,6,0,3,4,3,1,2,2,2,2,0,2,2,4,1,1,0,0,1,0,1,2,0,2,4,4,1,3,0,1,1,1,4,0,0,0,0,1,2,2,0,1,0,1,0,2,0,1,2,1,4,0,1,2,1,1,1,1,0,0,1,0,0,0,0,0,0,0,0,0,1,0,0,0,0,0,0,0,0,1,4,3,2,12,12,8,6,4,14,7,1,5,4,8,6,1,0,1
156,恵和町,5,4,5,6,4,4,4,7,5,10,4,8,5,6,6,6,8,7,10,6,11,8,3,7,6,8,9,6,8,2,4,6,3,6,5,12,7,8,7,11,8,15,8,11,11,10,6,12,8,8,6,14,9,6,10,7,9,11,8,7,10,5,1,10,3,6,4,5,13,9,12,6,13,5,4,7,6,3,8,11,7,7,11,7,8,7,8,8,10,3,7,5,3,3,0,2,2,0,1,0,1,24,30,29,37,35,33,24,45,53,44,45,42,29,37,40,35,40,36,24
157,越路,3,1,2,1,2,0,0,5,2,2,3,5,1,1,5,0,1,4,7,3,10,6,6,11,9,11,8,8,10,5,5,9,9,5,6,11,5,6,5,6,7,8,11,7,3,13,9,4,6,5,5,5,10,6,4,8,5,4,3,4,5,7,5,4,7,9,6,5,8,5,3,8,5,2,3,3,4,4,3,4,2,2,1,3,6,0,4,2,0,0,1,3,0,1,0,1,0,1,0,0,0,9,9,15,15,42,42,34,33,36,37,30,24,28,33,21,18,14,6,7
176,郡山（大字計）,13,14,15,10,11,13,8,12,15,5,9,12,8,10,14,11,14,9,10,16,15,10,15,14,5,21,19,11,19,22,26,10,15,18,14,12,20,13,14,15,12,20,18,18,21,17,20,26,18,13,18,19,12,8,14,12,17,16,12,9,9,12,12,14,6,15,21,16,22,19,21,29,14,19,11,8,6,8,17,7,6,3,8,5,2,7,2,2,1,3,2,0,0,1,0,0,0,1,0,0,0,63,53,53,60,59,92,83,74,89,94,71,66,53,93,94,46,24,15,4
177,郡山１丁目,5,6,4,5,6,10,2,5,7,7,7,5,4,4,5,4,8,1,3,6,6,5,7,2,5,2,3,6,7,10,6,5,9,7,13,8,7,16,4,9,19,10,10,7,13,9,6,11,13,8,9,6,7,8,9,4,10,5,10,4,9,9,7,12,8,7,13,10,16,9,8,9,20,16,8,12,7,14,10,11,3,6,7,1,7,2,0,5,1,0,0,1,0,1,0,0,0,0,0,0,0,26,31,25,22,25,28,40,44,59,47,39,33,45,55,61,54,24,8,2
178,郡山２丁目,5,3,7,8,4,8,5,7,8,3,3,3,5,6,5,5,3,3,3,1,3,2,3,8,10,7,6,8,5,12,9,6,4,6,10,17,10,8,9,9,13,14,6,9,8,5,13,11,7,5,6,5,7,6,6,8,8,6,3,3,8,7,5,6,7,5,5,5,7,10,5,8,4,2,2,5,5,5,7,1,7,3,6,4,4,4,2,1,0,2,0,1,1,3,0,0,0,0,0,0,0,27,31,22,15,26,38,35,53,50,41,30,28,33,32,21,23,24,9,5
179,郡山３丁目,13,10,7,1,6,5,6,9,4,6,4,4,7,3,8,5,6,4,6,7,2,4,5,10,9,8,11,8,11,9,10,11,7,7,10,12,11,10,10,11,9,6,11,9,9,6,6,11,6,8,6,9,8,15,9,11,13,9,16,8,10,6,8,12,9,8,4,6,8,11,8,10,14,5,3,6,8,4,10,11,4,4,4,3,3,1,4,1,2,3,0,1,0,1,2,0,0,0,0,0,0,37,30,26,28,30,47,45,54,44,37,47,57,45,37,40,39,18,11,4
180,郡山４丁目,2,2,5,3,4,9,2,5,5,3,5,10,4,2,4,6,5,3,5,5,8,6,6,4,7,4,3,8,6,9,3,6,4,9,8,5,7,8,5,5,10,9,9,10,7,9,10,13,9,13,6,7,8,6,6,5,6,6,7,6,5,5,7,7,3,4,9,4,1,6,6,6,5,4,3,3,5,4,5,1,1,1,3,1,2,0,0,1,2,3,1,1,0,0,0,0,0,0,0,0,0,16,24,25,24,31,30,30,30,45,54,33,30,27,24,24,18,8,6,2
181,郡山５丁目,7,13,8,9,3,10,7,9,5,8,7,6,5,4,6,8,13,8,10,7,4,11,11,9,6,16,6,11,10,5,8,11,9,7,10,12,7,11,12,9,14,9,10,9,8,10,13,11,9,9,10,7,11,12,10,8,10,4,3,8,4,4,8,3,6,9,6,7,5,3,4,9,10,5,2,6,5,5,4,5,5,0,3,2,6,1,1,2,1,1,0,1,0,0,0,0,0,0,0,0,0,40,39,28,46,41,48,45,51,50,52,50,33,25,30,30,25,16,6,1
182,郡山６丁目,11,6,15,6,11,6,11,8,9,3,9,7,4,9,7,7,6,8,11,15,9,13,9,9,6,12,7,6,10,4,14,10,9,13,8,10,11,7,11,8,10,22,15,14,19,17,16,10,15,22,14,12,25,15,14,19,13,22,15,11,9,7,14,15,9,9,11,11,13,14,12,13,5,6,10,6,14,3,7,5,4,6,5,5,2,2,0,3,2,1,0,1,1,0,0,0,0,0,0,0,0,49,37,36,47,46,39,54,47,80,80,80,80,54,58,46,35,22,8,2
183,郡山７丁目,8,4,5,2,6,5,5,3,7,6,3,5,4,3,2,6,3,5,3,5,6,8,5,8,4,8,4,3,17,4,9,9,11,11,9,7,4,9,6,6,9,8,13,7,5,8,5,11,12,11,13,10,9,4,8,8,6,8,7,6,5,3,7,6,5,6,9,7,5,6,4,10,4,7,6,5,7,3,7,5,2,3,4,1,1,2,1,3,5,0,2,4,1,1,0,0,0,0,0,0,0,25,26,17,22,31,36,49,32,42,47,44,35,26,33,31,27,11,11,8
184,郡山８丁目,4,11,8,12,10,10,7,6,8,10,11,9,8,11,7,13,7,12,13,13,15,8,13,9,11,9,7,14,9,6,10,6,11,11,14,12,6,12,11,12,16,16,15,5,14,23,22,15,19,14,29,23,17,14,7,19,21,17,12,15,16,13,17,9,15,10,12,11,13,20,16,8,14,3,4,6,8,13,6,16,5,7,6,1,5,4,1,1,1,0,1,2,1,0,1,0,0,0,0,0,0,45,41,46,58,56,45,52,53,66,93,90,84,70,66,45,49,24,7,5
185,金剛沢１丁目,5,4,9,9,8,7,6,8,9,5,12,1,10,5,8,16,6,8,5,7,4,4,9,5,2,9,4,8,6,8,7,4,6,8,12,13,7,10,7,14,17,9,9,12,9,13,10,18,13,11,6,11,9,8,7,13,16,12,2,10,7,10,4,7,18,4,13,5,12,15,9,9,9,7,7,9,13,9,10,3,5,7,4,2,6,7,5,3,1,2,3,5,2,1,0,0,0,1,1,0,0,35,35,36,42,24,35,37,51,56,65,41,53,46,49,41,44,24,18,13
186,金剛沢２丁目,0,3,4,3,5,4,4,5,8,2,3,10,6,1,8,8,2,7,11,5,7,2,2,6,3,0,3,4,1,3,4,2,6,9,7,3,5,5,7,6,6,8,9,5,11,10,6,15,7,6,8,12,6,4,2,1,5,1,2,5,10,2,6,6,5,8,12,6,8,9,7,10,4,9,7,8,9,7,4,2,2,5,3,5,1,6,1,1,2,1,1,1,0,1,0,0,0,0,0,1,0,15,23,28,33,20,11,28,26,39,44,32,14,29,43,37,30,16,11,4
187,金剛沢３丁目,1,3,2,2,4,2,3,1,3,4,1,5,1,2,4,5,1,2,5,4,4,5,3,0,1,2,4,5,2,2,5,2,4,7,3,6,2,5,5,10,2,3,3,3,7,6,2,2,8,5,3,3,9,1,7,6,4,7,6,7,6,6,11,4,9,6,10,8,9,11,10,2,6,9,7,8,9,10,5,10,1,3,2,6,2,3,1,2,0,3,1,1,2,0,1,0,1,0,0,0,1,12,13,13,17,13,15,21,28,18,23,23,30,36,44,34,42,14,9,7
188,桜木町,7,7,6,6,8,4,0,4,3,2,5,2,3,1,4,5,5,5,8,21,15,17,25,15,12,10,8,11,9,7,12,7,5,9,12,9,12,5,5,10,10,9,7,7,8,12,4,9,12,9,5,7,6,9,10,10,12,6,6,12,6,11,9,6,6,10,10,8,10,14,6,9,7,6,6,9,6,10,7,8,3,7,6,4,8,7,3,6,7,6,2,0,2,3,0,0,1,1,0,0,0,34,13,15,44,84,45,45,41,41,46,37,46,38,52,34,40,28,29,9
189,佐保山,3,2,1,5,1,2,3,1,1,5,0,1,3,2,1,1,5,4,2,3,2,4,3,2,4,2,1,2,4,3,4,1,2,4,0,2,2,4,4,3,1,2,6,3,6,1,5,3,5,3,2,5,4,8,5,8,3,5,2,5,4,3,3,4,2,5,2,3,2,3,8,3,4,2,2,1,1,1,4,5,1,1,1,1,1,1,0,1,0,0,0,0,1,0,0,0,0,0,1,0,0,12,12,7,15,15,12,11,15,18,17,24,23,16,15,19,12,5,2,2
214,四郎丸（大字計）,32,26,34,40,40,35,43,42,37,30,40,52,43,51,46,30,48,51,54,40,59,45,34,49,38,49,33,44,39,43,45,35,41,51,51,42,40,71,52,56,56,67,61,61,77,69,77,79,75,61,59,55,67,39,52,58,54,38,53,47,44,45,50,45,38,57,58,53,61,79,77,82,72,49,48,60,67,55,51,43,24,42,38,31,31,21,26,19,15,10,3,6,10,1,2,2,0,0,0,0,1,172,187,232,223,225,208,223,261,322,361,272,250,222,308,328,276,166,91,25
215,砂押町,6,8,6,4,5,9,4,7,3,1,6,3,9,3,4,5,5,3,3,3,7,8,7,5,6,7,7,10,7,3,11,15,9,7,8,12,7,8,3,6,6,13,4,11,5,7,9,6,7,3,9,9,13,5,13,7,6,4,5,6,4,7,2,7,4,8,5,6,4,5,6,4,5,3,2,4,4,1,4,2,5,3,2,1,4,5,3,2,0,0,0,1,0,2,1,0,0,0,0,0,0,29,24,25,19,33,34,50,36,39,32,49,28,24,28,20,15,15,10,4
216,砂押南町,1,2,2,1,3,0,0,1,1,0,1,1,1,0,2,2,3,0,3,1,4,6,3,2,4,3,3,2,1,2,0,4,0,2,2,1,0,2,3,1,4,4,3,2,6,1,7,4,5,7,4,3,5,2,7,1,7,1,4,1,2,1,2,2,5,2,1,1,2,2,0,2,3,1,2,1,2,0,0,1,0,0,2,1,2,1,0,2,0,0,1,1,0,0,0,0,0,1,0,0,0,9,2,5,9,19,11,8,7,19,24,21,14,12,8,8,4,5,3,3
217,諏訪町,5,8,5,10,7,3,6,0,5,4,7,7,6,6,3,6,6,6,7,3,5,6,2,6,8,0,10,9,9,10,4,8,9,14,9,8,7,5,10,9,8,13,6,9,5,4,10,8,8,10,9,6,10,4,8,7,1,1,5,6,3,5,5,2,6,4,2,5,5,4,6,2,6,4,1,3,3,3,1,3,1,0,1,2,2,2,3,2,0,0,5,1,0,1,1,0,0,0,0,0,0,35,18,29,28,27,38,44,39,41,40,37,20,21,20,19,13,6,7,8
218,太子堂,5,5,3,3,11,4,8,7,9,9,14,13,19,14,12,8,13,5,18,10,17,7,4,8,7,6,11,7,3,8,9,6,13,7,8,10,11,8,10,10,9,13,14,21,12,25,15,21,28,21,14,20,18,13,14,15,14,12,6,10,18,7,13,7,10,8,5,6,7,13,9,6,6,5,2,6,7,1,4,3,0,2,0,4,2,1,0,2,3,1,1,1,1,2,0,0,0,0,0,2,0,27,37,72,54,43,35,43,49,69,110,79,57,55,39,28,21,8,7,7
219,太白１丁目,2,1,4,1,5,4,1,4,2,4,3,4,4,0,4,4,1,5,4,3,7,3,1,0,1,1,1,2,1,1,0,0,0,2,3,2,2,6,4,4,5,7,3,6,5,6,6,3,9,3,5,7,3,3,2,2,4,3,0,2,2,5,1,2,2,2,1,3,3,3,6,5,7,5,7,6,9,6,8,17,7,3,8,6,3,5,3,2,2,1,3,1,1,1,0,0,0,0,0,0,0,13,15,15,17,12,6,5,18,26,27,20,11,12,12,30,46,27,13,6
220,太白２丁目,1,3,0,2,6,5,4,0,2,3,1,1,4,6,5,5,7,6,7,4,2,7,4,5,4,2,2,2,3,5,1,4,5,1,8,5,4,3,2,9,2,3,6,6,13,14,7,7,8,6,5,8,6,7,6,6,5,7,2,3,8,6,11,10,8,13,3,13,12,17,15,16,15,14,15,16,25,22,10,16,10,15,14,12,8,10,5,2,4,1,0,1,0,0,1,0,0,0,0,0,0,12,14,17,29,22,14,19,23,30,42,32,23,43,58,75,89,59,22,2
221,太白３丁目,1,0,2,2,5,0,1,7,1,10,5,5,10,9,5,4,5,6,3,1,4,2,4,1,1,3,2,2,2,1,2,5,1,3,5,5,4,5,9,3,10,6,4,6,7,5,7,4,4,3,8,7,5,6,6,7,3,3,8,3,0,2,3,4,2,9,3,5,5,9,4,7,8,5,7,11,9,10,6,11,3,4,4,2,6,4,1,3,0,0,0,0,0,1,0,0,0,0,0,0,0,10,19,34,19,12,10,16,26,33,23,32,24,11,31,31,47,19,8,1
267,坪沼（大字計）,2,1,1,0,1,1,0,1,0,0,1,1,2,1,2,2,1,2,0,0,3,5,3,3,2,3,5,2,3,0,4,5,8,2,1,4,1,0,1,9,4,2,5,2,0,3,3,2,3,4,2,4,1,3,4,2,1,5,2,9,4,9,9,7,8,4,5,12,8,13,6,5,6,3,1,4,5,4,3,3,3,3,2,4,1,2,1,3,3,2,3,2,1,2,0,1,1,0,0,0,0,5,2,7,5,16,13,20,15,13,15,14,19,37,42,21,19,13,11,10
280,富沢（大字計）,29,47,41,40,31,37,20,28,26,16,23,12,7,9,6,4,1,12,4,3,6,7,5,12,18,16,10,17,21,26,42,28,35,46,41,35,46,30,32,39,27,34,29,19,22,24,22,11,14,12,15,8,8,5,7,4,4,3,1,3,3,4,3,2,6,6,8,2,4,1,7,8,3,3,4,3,3,0,3,2,2,2,2,5,1,3,2,1,2,1,1,3,3,0,0,0,0,1,0,0,0,188,127,57,24,48,90,192,182,131,83,43,15,18,21,25,11,12,9,8
281,富沢１丁目,5,4,0,3,2,0,1,0,1,4,4,2,3,2,2,3,1,2,5,3,9,8,3,5,4,8,3,9,5,10,5,2,7,4,11,5,4,5,8,3,7,3,6,7,6,6,6,4,10,12,8,9,8,3,6,8,6,4,4,4,8,4,3,5,4,3,3,4,4,1,2,1,2,3,0,2,0,3,1,3,2,0,0,2,1,4,1,1,1,0,0,1,0,0,0,1,0,0,0,0,0,14,6,13,14,29,35,29,25,29,38,34,26,24,15,8,9,5,7,2
282,富沢２丁目,5,5,8,6,9,2,9,1,9,7,13,6,5,9,8,10,7,8,4,3,8,5,3,9,11,7,6,9,6,8,13,8,12,5,8,8,12,11,6,2,8,9,11,13,15,8,9,14,12,14,12,9,10,11,11,10,10,10,9,13,7,8,6,4,7,6,3,7,5,11,6,4,3,3,6,8,1,4,7,2,5,5,2,7,5,3,0,3,1,0,1,2,0,1,1,0,0,0,0,0,0,33,28,41,32,36,36,46,39,56,57,53,52,32,32,22,22,24,7,5
283,富沢３丁目,6,16,10,7,6,8,7,6,8,6,6,8,11,5,9,9,9,11,10,7,11,6,13,11,4,8,13,12,16,18,18,10,10,11,13,12,17,12,10,11,9,17,18,14,19,31,13,10,18,15,17,14,14,10,20,6,12,13,6,17,14,15,9,13,9,6,11,5,8,10,9,7,7,4,1,4,6,6,9,3,5,2,3,1,4,3,1,2,0,0,1,0,0,0,0,0,0,0,0,0,0,45,35,39,46,45,67,62,62,77,87,75,54,60,40,28,28,15,6,1
284,富沢４丁目,5,9,4,5,3,2,4,2,3,5,1,9,4,8,5,2,2,4,6,3,3,2,1,6,1,0,6,2,6,5,7,8,4,3,5,3,4,4,4,7,4,11,7,9,11,10,17,7,9,16,4,11,5,7,9,3,3,7,4,1,5,2,2,1,5,1,1,3,0,5,1,5,1,3,1,5,3,1,3,1,1,1,3,3,1,0,0,0,0,0,0,0,0,1,0,0,0,0,0,0,0,26,16,27,17,13,19,27,22,42,59,36,18,15,10,11,13,9,0,1
285,富沢南１丁目,6,10,9,13,12,6,9,4,7,10,12,16,9,7,8,12,9,10,11,11,8,9,4,7,7,7,8,10,18,16,17,15,17,7,9,12,15,14,18,9,6,16,12,13,16,23,16,17,19,18,20,15,15,12,16,17,13,11,8,5,10,10,4,7,5,6,3,3,1,2,4,3,4,3,3,3,1,4,1,2,3,1,2,3,1,2,1,3,2,1,0,1,0,0,0,0,0,0,0,0,0,50,36,52,53,35,59,65,68,63,93,78,54,36,15,17,11,10,9,1
286,富沢南２丁目,17,13,12,11,12,13,14,9,7,17,9,15,10,15,4,12,20,6,9,12,15,11,7,6,10,8,10,17,11,9,10,18,10,12,19,19,14,17,15,17,11,10,17,18,14,19,18,22,14,16,17,13,17,15,21,14,15,18,10,5,4,10,2,7,2,4,6,1,4,5,3,2,4,2,8,1,1,1,4,1,0,2,2,1,2,4,1,0,2,1,2,0,1,0,0,0,0,0,1,0,0,65,60,53,59,49,55,69,82,70,89,83,62,25,20,19,8,7,8,4
299,富田（大字計）,10,14,13,11,18,14,19,14,15,10,6,7,6,5,4,2,7,8,6,7,8,7,6,3,6,11,7,7,9,6,12,13,16,10,16,16,18,16,14,14,17,21,15,10,16,14,20,14,17,10,11,10,9,9,8,9,8,10,9,11,8,8,6,10,7,4,9,15,9,10,19,12,10,10,2,6,5,4,8,8,7,3,7,7,3,2,7,6,2,1,1,1,1,1,2,0,1,1,0,0,0,66,72,28,30,30,40,67,78,79,75,47,47,39,47,53,31,27,18,8
300,土手内１丁目,1,3,4,7,3,2,7,6,3,5,6,4,3,3,8,7,5,8,6,4,3,4,5,6,2,2,1,4,4,4,0,4,4,3,5,4,5,4,4,3,7,4,8,9,7,4,6,8,8,8,3,8,6,11,8,7,6,7,9,9,6,6,7,5,7,4,9,9,7,7,10,5,9,2,2,5,8,5,4,3,1,2,1,2,2,4,3,2,0,0,0,0,1,0,0,0,0,0,0,0,0,18,23,24,30,20,15,16,20,35,34,36,38,31,36,28,25,8,9,1
301,土手内２丁目,1,1,2,1,5,2,5,1,5,1,5,3,1,5,3,1,4,5,1,2,0,2,0,2,0,1,1,2,0,0,0,2,1,2,1,2,3,0,4,1,0,3,4,4,5,3,1,2,3,2,0,0,3,2,1,3,2,0,2,0,2,1,4,0,1,2,2,3,2,2,3,0,3,1,1,1,2,0,0,0,2,0,0,1,0,1,1,1,0,1,0,1,0,0,0,0,0,0,0,0,0,10,14,17,13,4,4,6,10,16,11,6,7,8,11,8,3,3,4,1
302,土手内３丁目,1,4,2,3,1,1,4,4,3,3,4,6,1,4,1,4,7,3,4,4,7,2,3,0,0,2,1,3,1,2,2,1,4,2,6,6,3,3,1,8,6,2,4,2,5,4,2,8,10,7,3,3,3,5,7,6,4,5,5,4,2,3,2,6,2,5,2,5,4,4,8,9,4,4,4,6,3,4,3,2,4,0,1,1,8,5,1,1,2,3,0,1,1,0,0,0,1,0,0,0,0,11,15,16,22,12,9,15,21,19,31,21,24,15,20,29,18,14,12,3
303,中田１丁目,2,3,3,7,4,7,7,1,4,5,1,7,5,2,2,4,6,5,9,3,0,3,6,5,5,6,7,3,9,5,10,6,6,5,4,10,8,9,10,12,7,8,6,6,10,5,11,10,10,9,4,10,3,3,3,8,8,4,5,10,5,5,7,6,7,10,7,7,8,10,1,6,8,3,6,3,7,5,5,2,4,3,5,4,4,0,3,1,0,1,1,0,1,0,1,1,0,0,0,0,0,19,24,17,27,19,30,31,49,37,45,23,35,30,42,24,22,20,5,4
304,中田２丁目,12,6,9,7,12,5,4,6,7,2,7,5,10,4,9,8,8,3,7,7,9,10,5,4,5,8,4,5,8,10,10,10,10,12,8,6,6,11,8,3,15,8,7,13,9,12,13,13,17,11,10,12,11,9,9,7,10,8,6,10,10,9,6,11,2,7,11,3,9,11,8,9,10,7,3,6,4,10,5,4,2,4,10,3,4,6,2,2,2,4,2,1,1,0,1,0,0,0,0,0,0,46,24,35,33,33,35,50,34,52,66,51,41,38,41,37,29,23,16,5
305,中田３丁目,2,2,7,2,6,5,3,0,2,1,2,2,1,1,1,2,2,0,4,2,2,3,4,7,4,7,9,14,8,6,4,11,3,5,13,4,9,5,7,4,3,4,5,5,1,3,9,3,6,2,5,7,4,3,1,5,1,8,4,3,4,6,4,1,3,7,1,5,2,7,6,3,3,2,0,1,3,2,1,2,3,5,1,0,0,1,2,0,1,0,0,1,0,1,1,2,0,0,0,0,0,19,11,7,10,20,44,36,29,18,23,20,21,18,22,14,9,9,4,5
306,中田４丁目,1,3,5,2,1,2,4,3,1,1,1,1,5,6,1,2,4,5,2,3,5,3,1,0,7,5,0,3,1,3,2,3,3,3,2,2,1,5,3,2,2,3,3,4,4,3,7,1,5,4,4,7,8,2,2,1,3,4,3,7,2,5,3,3,4,6,2,6,4,4,6,1,4,3,3,3,6,1,6,0,4,2,1,2,0,1,1,1,2,1,1,0,2,0,2,0,0,0,1,0,0,12,11,14,16,16,12,13,13,16,20,23,18,17,22,17,16,9,6,6
307,中田５丁目,2,3,4,3,1,0,2,3,5,2,4,3,3,7,6,7,8,7,5,3,4,4,5,5,4,3,3,5,9,4,6,13,6,2,6,7,4,5,5,2,7,5,8,2,17,8,9,14,8,6,11,8,12,4,2,8,6,3,4,4,2,3,5,3,5,6,1,2,2,1,4,3,6,2,1,1,2,0,5,2,3,0,3,2,0,2,2,0,0,1,0,2,0,1,1,1,0,0,0,0,0,13,12,23,30,22,24,33,23,39,45,37,25,18,12,16,10,8,5,5
308,中田６丁目,4,2,6,3,2,5,2,10,3,7,4,5,9,8,12,8,8,6,7,15,14,8,6,1,4,6,6,4,6,3,2,8,4,2,2,8,7,4,3,11,5,6,8,8,2,10,11,12,10,14,14,11,7,3,7,6,11,8,6,6,4,5,3,4,3,5,4,7,3,3,5,5,2,0,2,2,6,4,3,2,0,0,1,2,2,0,3,2,1,1,0,1,1,0,0,0,0,0,0,0,0,17,27,38,44,33,25,18,33,29,57,42,37,19,22,14,17,5,7,2
309,中田７丁目,5,9,8,7,6,7,10,6,11,7,5,11,3,7,5,8,8,9,10,6,7,7,7,10,7,18,8,17,12,18,14,11,9,14,16,11,12,15,10,9,6,10,13,19,11,14,9,12,11,11,8,13,9,11,8,5,2,10,5,8,6,9,7,6,14,7,7,5,11,7,5,6,12,2,2,4,6,3,5,4,6,1,2,3,2,2,3,2,2,1,5,1,1,0,0,0,0,1,0,0,0,35,41,31,41,38,73,64,57,59,57,49,30,42,37,27,22,14,10,8
327,中田町（大字計）,8,16,17,26,35,20,25,34,17,22,36,30,26,26,28,28,37,41,19,27,24,18,16,25,28,18,17,24,19,22,15,20,29,27,25,37,38,29,38,29,33,39,47,39,49,46,49,42,38,44,49,35,37,20,20,23,24,20,30,22,34,17,26,26,26,27,22,34,28,33,41,46,49,30,23,32,26,23,20,16,28,14,18,15,8,10,12,8,4,2,2,3,0,1,2,0,0,1,0,0,0,102,118,146,152,111,100,116,171,207,219,161,119,129,144,189,117,83,36,9
329,長町（大字計）,0,0,0,0,1,0,0,0,1,1,0,0,0,0,1,1,2,0,0,0,3,1,0,1,0,1,2,2,0,1,2,1,2,2,2,1,2,1,1,3,1,1,1,1,4,3,3,0,0,2,0,0,1,1,1,1,0,0,0,0,2,6,2,4,2,2,4,3,7,5,7,10,4,3,2,1,2,0,1,3,0,1,1,1,1,2,0,0,0,0,0,0,0,0,0,0,0,0,0,0,0,1,2,1,3,5,6,9,8,8,8,3,1,16,21,26,7,4,2,0
330,長町１丁目,8,12,6,7,8,12,13,10,5,12,8,15,5,4,3,6,8,9,10,6,8,5,3,13,10,14,12,19,18,23,18,6,14,17,21,21,13,13,19,14,16,16,18,19,17,20,21,8,27,17,20,21,15,14,19,15,13,14,20,13,10,11,15,8,9,17,10,13,10,16,12,8,17,5,5,5,8,5,5,7,2,1,10,4,6,3,1,6,3,5,0,1,4,2,1,0,0,1,0,0,1,41,52,35,39,39,86,76,80,86,93,89,75,53,66,47,30,23,18,10
331,長町２丁目,10,12,8,13,8,8,15,10,11,10,16,10,12,13,7,9,6,14,11,19,10,11,12,11,10,11,15,9,10,16,11,6,17,10,12,17,13,13,14,18,22,15,17,23,20,14,18,32,11,20,21,19,17,9,17,18,17,19,8,21,10,7,11,20,8,22,16,11,4,13,8,13,11,7,6,5,7,3,11,4,3,9,3,5,2,2,2,0,2,3,0,3,1,0,5,0,0,0,0,1,0,51,54,58,59,54,61,56,75,97,95,83,83,56,66,45,30,22,9,10
332,長町３丁目,3,3,3,2,4,4,8,2,7,4,2,4,5,6,8,3,3,4,3,8,6,4,11,5,8,8,3,6,8,5,5,2,12,9,11,9,5,10,5,9,7,8,4,10,16,20,7,8,14,8,9,8,7,9,15,8,11,7,14,16,8,7,13,7,12,10,8,9,12,11,10,16,14,8,5,10,11,12,5,2,6,3,5,1,4,3,2,2,0,2,2,2,0,0,0,0,0,1,1,0,0,15,25,25,21,34,30,39,38,45,57,48,56,47,50,53,40,19,9,6
333,長町４丁目,5,10,7,7,5,4,5,9,5,8,9,4,4,6,4,8,9,6,4,3,5,5,9,8,8,9,10,9,14,10,10,9,13,8,9,9,9,7,4,9,6,12,8,10,7,13,10,11,13,7,9,8,7,9,5,10,9,12,5,9,10,10,11,9,4,8,11,8,4,5,3,4,6,2,6,3,1,2,3,3,1,2,4,2,2,1,2,6,1,0,3,0,2,2,0,0,0,0,0,0,0,34,31,27,30,35,52,49,38,43,54,38,45,44,36,21,12,11,10,7
334,長町５丁目,7,12,5,12,12,13,7,6,12,10,8,11,9,6,9,7,4,10,14,9,12,8,12,16,17,11,23,14,12,21,16,16,20,16,16,21,10,15,16,19,15,12,23,17,10,21,21,22,20,17,23,17,19,22,26,17,18,17,17,13,21,15,18,17,17,14,13,16,21,13,14,22,12,11,5,11,15,7,8,12,3,8,7,7,5,4,4,3,3,7,3,2,4,2,0,1,1,0,0,0,0,48,48,43,44,65,81,84,81,77,101,107,82,88,77,64,53,30,21,13
335,長町６丁目,9,13,14,17,8,17,13,8,9,8,7,2,6,11,11,9,6,6,11,4,2,10,13,21,24,21,11,16,17,12,20,23,16,14,21,15,19,19,22,10,18,20,23,15,18,25,19,20,16,16,17,14,22,26,22,17,16,20,12,12,11,7,10,16,10,13,13,15,7,20,12,17,10,11,4,8,3,7,4,2,5,2,3,7,3,8,4,3,1,3,0,0,0,1,0,0,0,1,0,0,0,61,55,37,36,70,77,94,85,94,96,101,77,54,68,54,24,20,19,2
336,長町７丁目,5,9,11,12,9,7,16,10,11,14,10,10,8,12,7,10,6,11,11,9,2,9,14,10,16,11,13,24,11,13,18,15,16,16,13,16,16,14,18,21,24,20,19,17,16,17,20,18,15,12,19,13,15,13,14,22,10,17,6,8,9,7,10,19,12,10,7,6,6,9,7,9,6,2,5,6,3,7,6,5,3,7,5,3,5,3,3,10,2,3,1,0,0,1,1,0,1,0,0,0,0,46,58,47,47,51,72,78,85,96,82,74,63,57,38,29,27,23,21,4
337,長町８丁目,9,7,13,9,10,16,8,7,9,9,16,16,11,16,17,13,23,18,23,16,13,16,16,19,17,10,19,13,16,17,13,17,6,13,12,12,11,19,9,17,10,24,9,17,17,17,17,23,34,26,29,16,21,21,20,27,25,19,23,18,16,17,13,12,8,17,10,17,8,17,12,11,14,9,1,4,3,6,3,4,7,3,4,6,4,2,1,1,2,5,1,2,0,0,0,0,0,0,0,1,1,48,49,76,93,81,75,61,68,77,117,107,112,66,69,47,20,24,11,5
338,長町南１丁目,1,4,2,7,3,3,3,3,3,5,6,6,2,4,5,2,4,6,5,2,3,4,5,10,8,13,14,7,10,16,7,11,4,13,12,8,7,4,6,9,8,6,11,10,6,15,8,9,10,8,6,10,10,7,5,13,10,10,2,9,6,6,9,5,6,9,6,8,1,8,6,6,6,1,6,3,8,7,2,6,2,4,3,3,3,4,1,3,4,2,1,2,2,2,0,2,0,0,2,0,0,17,17,23,19,30,60,47,34,41,50,38,44,32,32,25,26,15,14,11
339,長町南２丁目,9,10,6,14,13,10,17,5,6,8,8,7,9,10,4,15,9,13,8,11,16,8,5,13,3,7,13,13,7,8,12,7,11,11,15,20,15,11,9,17,15,12,9,18,28,11,11,9,21,16,16,20,9,17,11,17,11,12,14,13,6,7,7,9,6,6,5,2,7,6,4,7,7,6,2,3,8,6,1,1,0,2,3,2,2,1,2,0,1,1,0,1,1,0,0,0,1,0,0,0,0,52,46,38,56,45,48,56,72,82,68,73,67,35,26,26,19,9,5,3
340,長町南３丁目,9,14,14,8,12,13,7,11,7,11,6,14,8,13,10,14,5,20,8,10,18,15,9,8,12,9,9,9,12,12,16,15,17,14,14,25,17,25,11,18,20,19,19,14,14,17,16,20,27,22,21,18,11,12,20,8,18,15,15,15,15,14,15,12,8,15,11,17,10,7,12,13,7,6,6,11,9,8,5,7,1,4,6,6,6,4,0,4,4,2,2,0,1,1,1,0,1,0,0,0,0,57,49,51,57,62,51,76,96,86,102,82,71,64,60,44,40,23,14,6
341,長町南４丁目,12,15,11,6,15,9,8,12,6,13,12,7,17,11,15,13,15,13,11,17,16,11,10,13,18,11,6,15,16,14,19,19,18,15,21,13,14,9,14,15,21,21,16,27,15,29,21,20,23,22,27,30,26,20,32,28,13,20,15,14,15,16,15,12,11,19,7,7,3,10,4,8,9,2,4,6,9,5,6,6,3,3,5,2,4,3,5,2,3,4,1,0,0,1,1,1,0,1,1,0,0,59,48,62,69,68,62,92,65,100,115,135,90,69,46,27,32,17,17,6
342,長嶺,2,0,2,1,1,2,0,4,4,4,0,4,2,4,2,3,5,2,1,2,2,4,1,2,6,4,3,3,3,2,2,3,5,1,5,3,3,5,4,3,5,3,5,4,5,4,5,8,1,6,7,3,3,3,3,3,5,3,4,5,6,6,2,0,4,2,4,6,2,8,2,4,5,2,3,1,1,1,2,2,5,3,2,4,1,1,2,5,1,1,1,1,1,2,0,0,0,0,0,0,0,6,14,12,13,15,15,16,18,22,24,19,20,18,22,16,7,15,10,5
343,西多賀１丁目,7,7,8,1,3,8,6,7,5,8,4,9,5,5,5,3,4,5,3,4,3,8,5,3,7,4,6,2,4,14,6,11,4,9,13,13,13,4,14,11,8,10,6,9,11,11,7,10,9,8,7,8,7,6,6,8,8,5,6,5,2,12,5,9,10,5,4,5,6,4,9,10,4,2,1,3,6,5,7,5,4,3,2,5,5,9,4,2,5,3,1,3,1,3,0,1,1,0,0,0,0,26,34,28,19,26,30,43,55,44,45,34,32,38,24,26,26,19,23,10
344,西多賀２丁目,3,9,2,4,5,2,8,5,8,5,2,7,9,3,12,9,8,4,5,6,4,5,6,9,6,5,4,8,8,0,4,5,10,5,6,7,3,10,9,8,7,11,5,15,8,10,11,15,15,7,11,8,8,3,10,5,2,10,6,3,10,3,3,3,8,11,4,6,5,8,10,5,9,7,3,5,3,3,5,7,0,2,4,4,3,3,1,4,2,3,0,1,0,0,0,2,1,0,0,0,0,23,28,33,32,30,25,30,37,46,58,40,26,27,34,34,23,13,13,4
345,西多賀３丁目,1,2,3,2,4,4,10,4,3,2,3,11,7,10,8,4,8,6,4,7,5,6,2,3,6,2,6,3,3,6,8,10,7,11,12,9,5,7,11,8,6,13,9,7,10,8,13,10,8,6,13,4,7,9,10,5,6,7,4,4,5,7,7,9,7,10,4,12,6,13,6,11,6,3,5,8,3,5,8,7,5,4,5,4,5,0,3,3,0,3,0,0,2,1,0,1,1,0,0,0,0,12,23,39,29,22,20,48,40,45,45,43,26,35,45,31,31,23,9,5
346,西多賀４丁目,4,4,4,5,7,6,2,5,1,8,2,5,5,4,5,4,6,7,7,12,6,6,3,7,2,11,4,5,9,2,4,5,7,6,9,5,7,6,8,10,7,10,8,14,10,11,11,7,11,13,20,14,15,11,8,6,7,9,7,4,9,8,6,7,9,9,12,6,11,10,9,16,15,8,6,7,8,5,7,4,7,8,5,7,6,10,4,2,1,5,2,0,2,1,0,0,1,0,0,0,0,24,22,21,36,24,31,31,36,49,53,68,33,39,48,54,31,33,22,6
347,西多賀５丁目,4,2,5,3,3,3,2,4,2,3,1,2,6,2,4,3,7,2,7,3,4,4,5,4,3,2,3,3,1,1,6,6,6,4,10,2,3,8,6,4,7,5,7,6,6,5,4,14,5,3,4,8,5,5,1,4,9,6,4,3,4,4,1,6,2,5,2,6,7,8,3,6,8,4,1,3,3,2,1,0,7,1,2,3,4,3,2,2,3,4,2,2,0,0,0,0,0,1,0,0,0,17,14,15,22,20,10,32,23,31,31,23,26,17,28,22,9,17,14,5
348,西中田１丁目,5,2,4,4,4,3,5,5,5,3,2,4,9,5,3,8,4,8,10,14,5,5,8,6,10,10,2,2,7,5,6,3,5,4,5,9,7,3,5,5,5,8,7,15,18,11,13,18,15,15,20,10,10,8,8,7,8,8,5,10,6,14,7,5,4,7,3,5,6,4,2,5,4,8,3,1,3,3,3,2,5,2,1,1,1,0,1,0,0,0,0,0,0,0,0,0,0,1,0,0,0,19,21,23,44,34,26,23,29,53,72,56,38,36,25,22,12,10,1,1
349,西中田２丁目,0,1,1,2,1,2,6,6,4,2,6,5,2,3,4,4,3,4,3,8,11,6,6,2,6,6,9,7,5,3,2,7,7,5,2,2,7,7,5,3,5,6,7,8,4,4,10,7,17,6,5,12,7,5,5,1,5,10,6,8,6,2,5,3,7,3,3,6,8,6,8,11,6,8,2,2,3,6,5,6,0,6,7,2,3,1,1,0,1,0,0,0,0,0,1,0,1,0,0,0,0,5,20,20,22,31,30,23,24,30,44,34,30,23,26,35,22,18,3,2
350,西中田３丁目,11,6,6,9,5,3,4,11,8,4,10,13,4,11,6,4,12,4,12,11,11,3,14,13,10,12,12,14,11,13,12,11,7,13,11,14,7,11,9,10,15,14,10,10,8,11,15,17,14,16,22,17,12,15,18,19,10,18,11,6,9,11,7,10,13,13,7,7,9,11,8,7,8,5,3,4,8,8,4,4,4,3,5,2,4,1,4,2,1,3,0,0,2,0,0,1,1,0,0,0,0,37,30,44,43,51,62,54,51,57,73,84,64,50,47,31,28,18,11,4
351,西中田４丁目,8,2,2,3,1,2,4,7,3,3,5,3,0,6,4,4,1,6,6,4,6,8,5,5,4,9,5,5,7,11,3,5,8,2,4,8,7,8,9,11,5,5,6,6,9,4,7,4,11,9,9,6,9,4,6,5,9,1,3,7,11,7,8,6,7,8,6,6,4,4,3,10,7,2,5,3,6,5,0,1,0,5,0,1,3,2,1,0,0,0,2,0,0,0,0,0,0,0,0,0,0,16,19,18,21,28,37,22,43,31,35,34,25,39,28,27,15,9,3,2
352,西中田５丁目,7,11,6,7,8,8,7,7,6,12,11,8,12,8,11,12,8,12,12,10,16,19,14,9,12,16,13,15,17,13,11,11,14,20,15,16,14,15,22,13,21,16,8,15,17,17,16,24,20,18,17,19,18,16,18,19,14,17,10,11,15,17,14,7,14,14,13,11,9,17,10,11,8,10,6,9,10,6,6,7,6,4,4,2,4,1,4,2,2,3,2,0,1,2,0,0,0,0,0,0,0,39,40,50,54,70,74,71,80,77,95,88,71,67,64,45,38,20,12,5
353,西中田６丁目,8,16,14,13,11,23,13,14,11,9,13,11,13,13,12,16,18,20,20,16,23,18,21,14,17,12,16,21,10,16,21,15,27,15,16,18,19,21,13,21,15,17,10,22,15,29,18,16,29,22,15,31,25,17,20,25,24,13,18,18,16,29,19,16,23,21,14,16,19,31,20,16,21,15,13,15,18,13,15,12,9,11,9,1,3,4,5,5,1,1,1,1,1,1,1,0,0,0,0,0,0,62,70,62,90,93,75,94,92,79,114,108,98,103,101,85,73,33,16,5
354,西中田７丁目,11,11,10,5,12,10,19,13,13,11,14,19,12,20,10,23,16,10,13,19,17,12,16,14,11,10,9,16,16,12,10,15,16,10,13,13,19,14,17,16,12,16,32,23,24,22,22,20,22,27,24,25,21,23,13,18,13,14,13,24,19,15,14,16,16,10,15,14,12,16,11,17,14,12,13,7,11,12,10,6,6,4,7,2,2,2,1,3,4,1,1,1,3,0,0,0,0,0,0,0,0,49,66,75,81,70,63,64,79,107,113,106,82,80,67,67,46,21,11,5
355,西の平１丁目,3,11,8,10,6,5,11,9,7,4,3,4,8,5,5,2,4,7,3,6,5,5,5,9,8,8,3,5,7,8,4,12,11,8,9,9,11,15,15,7,13,9,10,15,10,15,18,13,14,14,13,11,7,11,9,10,13,11,13,11,2,11,7,13,8,9,16,12,20,11,7,17,10,5,7,10,11,10,11,5,11,5,3,3,5,7,3,3,5,5,1,1,1,0,2,1,1,0,0,0,0,38,36,25,22,32,31,44,57,57,74,51,58,41,68,46,47,27,23,7
356,西の平２丁目,4,5,4,5,10,7,5,7,1,9,8,5,8,5,5,2,4,4,9,7,4,2,7,4,5,8,4,3,10,12,7,6,2,8,11,7,6,11,9,6,14,7,8,13,16,9,13,13,8,8,10,12,7,6,8,10,5,7,15,12,12,6,11,7,9,6,8,9,13,11,7,10,15,10,6,7,13,4,8,4,4,10,7,5,2,5,2,0,3,3,4,4,4,2,0,0,0,0,0,0,0,28,29,31,26,22,37,34,39,58,51,43,49,45,47,48,36,28,13,14
357,日本平,7,7,8,6,5,6,6,11,14,3,6,11,9,10,4,11,6,7,12,15,14,16,13,5,6,4,6,9,6,4,5,7,9,16,9,8,10,13,15,8,9,10,10,6,17,19,16,17,16,19,16,22,12,10,22,14,5,10,12,8,7,5,7,10,5,13,9,12,20,13,16,15,14,10,15,8,14,19,22,18,15,13,8,13,14,3,7,5,4,3,2,1,1,1,0,1,1,0,0,0,0,33,40,40,51,54,29,46,54,52,87,82,49,34,67,70,81,63,22,7
358,根岸町,3,3,5,3,1,0,0,1,1,0,2,2,0,2,2,2,0,1,3,1,0,1,4,0,3,4,2,4,5,3,6,4,0,5,3,8,6,9,3,6,6,3,3,3,3,1,1,1,3,2,2,5,4,1,3,1,3,3,4,1,3,5,2,1,2,2,2,5,3,4,8,5,4,4,4,2,3,1,2,0,2,1,1,1,1,2,0,1,1,0,1,1,0,2,0,0,0,0,0,0,0,15,2,8,7,8,18,18,32,18,8,15,12,13,16,25,8,6,4,4
359,萩ケ丘,5,0,2,2,5,4,6,1,5,3,2,2,0,4,4,1,4,2,2,14,8,12,10,23,20,7,14,11,17,7,7,9,7,8,7,7,5,4,8,4,6,9,4,10,7,4,10,7,6,5,8,2,5,8,9,4,5,4,6,4,6,4,9,6,6,7,3,3,4,6,8,9,6,7,4,2,4,3,2,6,4,3,2,4,3,3,1,3,0,2,2,4,0,2,0,0,0,0,0,0,0,14,19,12,23,73,56,38,28,36,32,32,23,31,23,34,17,16,9,8
360,羽黒台,8,5,4,7,5,3,9,6,6,7,6,5,3,4,4,3,0,7,3,4,5,7,4,9,0,3,7,9,4,3,3,5,8,2,7,9,11,9,8,15,10,12,13,13,13,13,9,10,14,6,7,11,11,13,6,7,6,6,6,7,9,12,15,6,4,9,10,7,12,9,13,14,15,5,9,9,10,15,16,12,9,6,10,9,5,5,4,2,4,2,3,3,0,4,0,1,0,0,1,0,0,29,31,22,17,25,26,25,52,61,52,48,32,46,47,56,62,39,17,12
361,旗立２丁目,1,0,0,0,0,0,0,0,0,0,0,0,0,0,0,0,0,0,0,0,0,0,0,0,1,0,0,0,1,0,0,0,0,0,0,0,0,0,0,0,1,0,0,0,1,0,0,0,1,0,1,3,2,2,0,0,1,2,0,1,1,0,3,0,1,1,1,3,2,2,4,2,2,1,2,2,2,1,0,1,1,1,0,0,0,1,1,1,1,0,0,0,0,0,0,0,0,0,0,0,0,1,0,0,0,1,1,0,0,2,1,8,4,5,9,11,6,2,4,0
362,旗立３丁目,1,0,0,0,0,1,0,2,3,1,2,0,1,1,1,1,4,1,1,0,0,1,0,0,0,3,1,0,4,1,1,1,1,3,1,3,2,0,3,2,3,1,5,1,1,1,1,3,4,0,0,2,1,0,0,3,2,3,3,0,1,3,2,3,4,5,2,1,3,6,3,4,5,0,3,2,2,2,3,1,3,3,2,1,2,2,2,1,0,0,0,0,1,0,1,0,0,0,0,0,0,1,7,5,7,1,9,7,10,11,9,3,11,13,17,15,10,11,5,2
363,八本松１丁目,3,4,5,3,5,6,9,10,4,4,7,9,6,8,6,7,5,4,8,6,11,10,12,10,6,12,7,10,7,4,7,10,15,14,8,7,11,13,16,8,19,12,10,13,7,11,20,15,13,13,9,16,12,12,13,4,11,7,11,10,6,11,15,14,14,12,10,8,12,23,22,14,10,10,11,13,20,13,10,14,10,8,5,10,6,3,1,5,0,6,1,3,3,0,2,0,0,0,0,0,0,20,33,36,30,49,40,54,55,61,72,62,43,60,65,67,70,39,15,9
364,八本松２丁目,5,4,4,7,9,11,6,6,9,11,15,11,9,10,10,15,9,10,8,6,11,7,11,14,9,7,3,4,6,11,5,6,3,7,8,6,4,6,7,6,4,14,12,12,12,16,20,15,20,29,21,19,17,15,7,11,15,8,10,9,11,11,7,10,8,5,7,4,5,9,5,4,9,5,5,7,7,2,6,4,5,4,2,0,1,1,2,2,1,3,0,2,2,0,0,0,0,0,0,0,1,29,43,55,48,52,31,29,29,54,100,79,53,47,30,28,26,12,9,5
365,東大野田,8,9,6,7,2,4,4,3,5,4,4,8,7,2,9,3,7,3,2,4,7,7,14,6,14,6,4,8,8,14,18,10,6,9,13,12,8,11,9,9,9,10,13,9,14,9,10,13,6,8,11,6,4,5,5,2,8,6,9,10,3,4,8,9,3,3,9,5,6,5,2,5,5,6,4,6,3,0,4,3,3,3,4,2,2,1,1,1,1,2,2,1,1,0,0,0,1,0,0,0,0,32,20,30,19,48,40,56,49,55,46,31,35,27,28,22,16,14,6,5
366,東郡山１丁目,1,3,2,4,3,2,5,3,4,1,1,3,1,1,3,0,2,3,1,1,3,2,4,0,0,1,5,0,3,5,2,4,4,3,2,5,6,3,10,1,2,3,6,3,1,4,4,5,6,5,4,2,3,1,2,4,5,5,8,0,9,3,5,4,2,4,5,3,2,1,6,7,5,1,5,1,1,3,3,3,3,2,1,0,0,2,1,0,1,0,2,4,1,1,1,0,0,0,0,0,0,13,15,9,7,9,14,15,25,15,24,12,22,23,15,24,11,6,4,9
367,東郡山２丁目,4,14,5,7,8,5,19,9,6,11,5,6,13,7,11,9,5,9,10,5,7,7,6,8,7,8,5,7,7,9,10,12,11,12,13,14,26,11,11,9,19,12,11,11,10,15,10,15,18,9,12,12,16,11,12,7,17,16,7,11,17,11,11,12,10,9,7,7,6,18,13,10,10,8,5,6,12,4,11,7,10,5,9,3,7,3,3,4,4,1,7,3,1,1,2,2,1,0,0,0,1,38,50,42,38,35,36,58,71,63,67,63,58,61,47,46,40,34,15,18
368,東中田１丁目,6,4,5,7,4,7,6,6,7,8,6,4,4,8,7,2,5,4,6,9,6,4,2,6,5,4,5,4,8,10,7,7,8,6,8,14,3,7,4,10,11,10,7,9,9,10,14,3,14,9,11,10,12,7,3,5,9,6,7,9,6,7,8,4,8,3,6,9,8,10,6,10,10,5,4,3,3,6,2,6,3,1,5,2,2,1,1,2,0,1,1,0,0,0,0,0,0,0,0,0,0,26,34,29,26,23,31,36,38,46,50,43,36,33,36,35,20,13,5,1
369,東中田２丁目,7,14,9,12,8,12,8,8,7,9,10,11,14,8,4,8,9,13,9,13,17,9,11,11,5,10,8,10,10,15,9,13,21,15,19,11,14,16,13,19,11,15,13,14,17,26,23,18,19,17,30,12,17,15,15,19,20,13,14,16,12,23,16,23,14,11,13,15,17,18,12,17,26,21,9,15,21,13,8,10,9,8,6,5,2,7,4,1,0,3,1,1,0,1,1,0,0,0,0,0,0,50,44,47,52,53,53,77,73,70,103,89,82,88,74,85,67,30,15,4
370,東中田３丁目,4,6,6,10,9,6,5,9,8,2,10,7,5,2,3,6,3,0,9,4,4,0,6,1,8,4,6,7,4,7,7,11,7,12,10,11,11,8,8,10,11,7,11,10,12,10,9,7,4,10,9,6,5,4,3,7,4,4,6,5,3,5,6,4,8,3,5,9,2,7,5,5,12,3,1,7,3,1,4,10,3,6,5,2,2,1,1,3,2,1,1,0,1,0,0,0,0,0,0,0,0,35,30,27,22,19,28,47,48,51,40,27,26,26,26,26,25,18,8,2
371,東中田４丁目,4,6,5,6,2,7,3,6,12,9,8,6,6,7,6,6,12,4,6,3,5,8,6,3,10,4,6,6,6,4,4,5,5,6,6,6,3,8,4,11,10,5,12,12,16,11,9,9,6,12,12,11,8,7,9,5,7,12,6,6,7,5,8,8,4,6,7,8,4,4,6,5,10,3,7,5,6,4,3,6,2,3,0,9,2,1,1,2,1,0,2,0,0,0,0,0,0,0,0,0,0,23,37,33,31,32,26,26,32,55,47,47,36,32,29,31,24,16,5,2
372,東中田５丁目,1,2,0,6,3,4,6,6,4,5,3,6,1,3,3,0,5,7,6,3,4,1,3,2,3,5,3,1,5,3,4,5,2,4,6,8,10,5,4,8,8,2,13,5,5,1,5,4,4,3,4,2,5,1,2,8,1,2,5,4,1,5,2,3,2,1,3,9,4,3,9,6,0,3,1,4,5,4,2,3,2,3,1,1,1,2,3,2,2,1,0,0,0,0,0,0,1,0,0,0,0,12,25,16,21,13,17,21,35,33,17,14,20,13,20,19,18,8,10,1
373,東中田６丁目,3,5,3,2,6,7,6,3,7,4,4,3,2,7,5,5,4,9,2,5,7,5,6,2,3,6,2,3,2,6,3,6,5,3,6,6,5,5,9,7,6,7,7,7,13,5,5,12,11,6,9,10,9,3,4,3,7,8,2,4,4,2,5,6,6,5,7,6,4,6,6,4,5,4,3,6,6,2,8,9,5,3,3,2,3,4,1,1,3,1,3,0,0,0,0,0,0,0,0,1,0,19,27,21,25,23,19,23,32,40,39,35,24,23,28,22,31,16,10,4
374,人来田１丁目,0,3,1,5,4,4,1,2,2,3,6,6,2,1,3,3,2,2,2,1,2,2,0,4,4,1,1,3,0,2,1,2,5,6,5,5,4,2,6,6,3,1,9,13,8,7,8,4,5,5,5,2,7,6,3,5,0,2,4,1,3,4,7,3,7,3,8,7,12,17,8,17,20,13,6,8,14,10,6,10,4,2,4,3,5,6,0,1,2,1,3,1,1,0,0,0,0,0,0,0,0,13,12,18,10,12,7,19,23,34,29,23,12,24,47,64,48,18,10,5
375,人来田２丁目,5,0,2,2,2,4,3,2,2,5,2,3,10,1,5,6,2,4,2,5,2,3,5,1,3,2,2,3,2,2,2,3,4,3,3,3,2,6,6,5,3,6,6,9,9,12,11,6,8,5,4,9,6,5,4,5,4,4,4,6,6,3,3,3,8,9,11,12,11,17,13,10,17,13,13,19,13,14,11,8,13,2,6,4,5,0,2,3,1,1,1,2,0,0,1,0,0,0,0,0,0,11,16,21,19,14,11,15,22,33,42,28,23,23,60,66,65,30,7,4
376,人来田３丁目,0,4,0,5,0,2,3,2,3,1,2,1,3,1,2,1,1,3,6,1,5,1,1,1,2,5,2,1,4,6,4,2,6,3,1,2,3,2,2,6,1,3,3,10,2,2,7,6,4,1,3,3,6,2,3,4,3,4,4,5,5,3,6,2,3,3,5,6,2,4,5,5,7,2,5,0,6,0,2,2,5,2,2,1,1,1,3,0,0,0,0,0,1,0,0,0,1,1,0,0,0,9,11,9,12,10,18,16,15,19,20,17,20,19,20,24,10,11,4,3
377,ひより台,5,4,6,3,7,5,8,5,6,10,7,6,8,6,3,6,6,9,6,4,8,2,3,9,8,5,2,4,7,7,3,4,5,5,7,10,8,10,6,9,10,11,17,14,11,15,14,13,12,17,8,11,15,6,12,4,13,9,8,6,13,13,11,13,13,14,6,16,13,11,25,9,12,15,16,28,17,13,14,13,19,18,13,10,11,11,9,6,5,4,4,4,2,4,0,2,0,0,0,0,3,25,34,30,31,30,25,24,43,63,71,52,40,63,60,77,85,71,35,19
383,袋原（大字計）,13,9,20,13,17,11,13,15,12,24,14,20,13,13,23,22,14,13,14,17,18,11,17,6,16,7,17,16,18,18,11,5,19,12,27,14,16,20,12,16,23,23,23,22,25,25,28,30,16,27,17,18,23,27,17,20,18,14,18,17,17,20,14,11,23,10,18,14,18,25,23,15,11,16,8,13,15,13,9,17,14,17,8,5,5,8,10,5,5,1,1,0,3,0,0,1,0,1,0,0,0,72,75,83,80,68,76,74,78,116,126,102,87,85,85,73,67,49,29,6
384,袋原１丁目,6,9,16,4,4,6,3,9,6,7,1,11,2,3,7,8,5,3,6,1,4,5,7,2,5,5,8,4,5,6,3,9,6,8,4,6,8,12,11,6,9,6,8,10,11,10,13,6,12,11,9,14,8,3,6,6,6,3,13,1,6,8,6,5,6,4,4,12,8,11,11,3,7,2,7,5,7,3,4,4,4,3,5,7,2,1,2,1,3,1,0,1,0,0,1,0,0,0,0,0,0,39,31,24,23,23,28,30,43,44,52,40,29,31,39,30,23,21,8,2
385,袋原２丁目,5,1,3,0,1,2,2,1,0,4,4,2,2,2,1,1,2,4,1,1,2,3,0,2,3,2,4,0,3,5,3,4,2,4,6,8,4,3,3,6,3,3,5,7,6,6,6,3,4,6,4,7,4,3,4,5,4,10,4,4,5,6,4,2,6,3,6,12,8,9,5,8,11,5,7,7,5,11,8,5,11,5,7,6,2,5,2,3,2,0,2,1,0,1,0,0,0,0,0,0,0,10,9,11,9,10,14,19,24,24,25,22,27,23,38,36,36,31,12,4
386,袋原３丁目,1,2,2,0,3,3,5,3,0,4,6,6,2,8,4,4,1,8,5,7,5,6,1,6,3,5,3,5,4,1,3,3,5,2,4,6,3,5,4,9,3,9,5,11,7,12,16,10,6,9,8,10,5,4,5,11,5,9,7,7,5,4,5,2,4,4,3,9,5,5,11,13,7,7,10,5,7,5,1,10,4,5,4,4,4,2,4,1,0,4,0,0,0,0,0,0,0,0,0,0,0,8,15,26,25,21,18,17,27,35,53,32,39,20,26,48,28,21,11,0
387,袋原４丁目,3,3,3,3,6,5,6,5,6,7,10,4,7,6,6,5,6,9,7,9,7,5,4,2,7,4,5,7,7,4,6,2,7,7,8,3,3,5,8,12,4,10,14,7,15,6,12,14,8,15,10,12,7,5,10,5,8,5,7,18,7,6,5,13,8,12,5,7,12,16,12,18,17,7,6,12,13,17,6,6,5,5,10,6,3,6,5,3,3,3,1,1,2,0,0,0,0,0,1,1,0,18,29,33,36,25,27,30,31,50,55,44,43,39,52,60,54,29,20,6
388,袋原５丁目,2,2,0,4,8,2,2,4,4,6,9,7,7,6,5,5,1,3,4,6,3,6,2,0,3,2,3,4,0,2,3,3,3,2,8,1,5,7,3,9,6,10,5,15,7,7,11,7,6,12,5,8,3,4,9,8,3,10,2,2,5,6,6,3,2,5,3,7,8,5,10,2,7,3,3,3,6,4,3,4,2,1,2,3,3,0,0,0,0,0,0,0,1,0,0,0,0,0,0,0,0,16,18,34,19,14,11,19,25,43,43,29,25,22,28,25,20,11,0,1
389,袋原６丁目,1,2,6,4,9,4,2,6,4,0,9,4,3,8,2,6,6,6,5,10,2,6,6,4,2,3,5,3,5,3,4,2,3,3,7,1,6,4,6,7,4,6,10,8,10,6,8,8,9,10,10,6,12,10,10,9,2,5,5,4,4,7,4,4,7,4,6,6,3,3,4,13,8,8,9,7,10,11,10,11,5,5,10,3,8,6,4,1,4,1,1,1,0,2,0,0,0,0,0,0,0,22,16,26,33,20,19,19,24,38,41,48,25,26,22,42,49,31,16,4
390,二ツ沢,0,0,0,2,0,2,0,0,0,0,0,0,0,0,1,0,0,0,0,1,0,1,1,1,2,0,3,0,0,0,1,0,1,2,1,1,1,0,0,1,1,0,0,2,1,0,0,0,2,1,2,0,1,1,1,2,2,2,2,1,1,1,1,1,3,1,3,0,1,1,1,2,1,0,3,0,1,1,0,0,0,0,1,2,0,0,0,2,1,0,0,1,1,0,1,1,0,0,0,0,0,2,2,1,1,5,3,5,3,4,3,5,9,7,6,7,2,3,3,4
391,松が丘,8,9,7,10,16,5,11,8,9,9,6,8,9,11,8,10,9,10,11,14,19,16,15,15,10,14,8,7,5,6,14,5,14,12,7,15,5,8,14,10,13,13,13,17,11,13,10,10,16,20,11,12,16,11,7,14,4,9,9,9,6,9,6,9,10,11,6,5,10,8,9,9,19,11,2,3,5,5,10,4,1,10,7,8,9,12,6,5,8,5,0,3,2,1,2,1,1,0,1,0,1,50,42,42,54,75,40,52,52,67,69,57,45,40,40,50,27,35,36,12
392,三神峯１丁目,2,1,9,2,2,3,1,3,5,2,2,0,2,1,3,0,3,0,0,2,1,1,0,0,1,0,0,1,1,0,3,1,5,3,2,4,3,5,5,5,6,4,3,1,5,4,5,6,6,0,1,2,1,4,2,2,1,1,1,1,1,1,1,0,1,0,0,0,0,0,0,0,0,0,0,0,0,0,0,0,0,0,0,0,0,0,0,0,0,0,0,0,0,0,0,0,0,0,0,0,0,16,14,8,5,3,2,14,22,19,21,10,6,4,0,0,0,0,0,0
393,三神峯２丁目,3,4,7,2,4,4,4,10,8,7,9,5,4,2,2,7,3,6,7,4,4,8,6,3,3,6,1,5,5,4,6,5,3,4,5,9,10,7,8,7,11,6,9,4,5,5,7,7,5,9,6,6,5,7,5,7,1,1,7,6,8,4,3,2,5,6,6,1,2,3,16,11,7,2,3,7,9,7,7,5,2,4,3,5,4,6,6,3,1,3,3,0,0,0,1,0,0,0,0,0,0,20,33,22,27,24,21,23,41,35,33,29,22,22,18,39,35,18,19,4
394,御堂平,0,0,1,2,1,1,0,0,0,2,0,0,1,0,0,1,2,0,0,0,1,2,0,0,2,1,2,3,0,0,0,2,2,2,1,0,4,2,0,0,0,1,0,1,3,0,0,0,0,1,1,0,0,1,2,1,1,3,2,0,3,3,0,2,0,3,1,1,0,4,0,2,0,1,0,0,1,0,0,0,1,0,2,0,0,0,0,0,0,0,0,0,0,0,0,0,0,0,0,0,0,4,3,1,3,5,6,7,6,5,1,4,7,8,9,3,1,3,0,0
395,緑ケ丘１丁目,3,2,2,5,2,5,1,7,6,6,5,3,6,2,6,4,1,4,1,4,3,3,4,1,5,1,2,3,2,6,0,5,6,8,8,5,6,6,2,6,4,7,4,2,10,6,9,3,3,3,6,4,7,7,3,8,6,1,7,7,6,4,4,13,4,6,5,5,7,12,7,11,3,4,5,3,4,3,3,3,7,4,4,3,2,3,3,0,1,4,0,0,1,1,0,1,0,0,0,0,1,14,25,22,14,16,14,27,25,27,24,27,29,31,35,30,16,20,11,4
396,緑ケ丘２丁目,2,3,0,2,4,1,5,1,2,2,3,1,2,1,2,1,3,5,2,4,3,3,2,3,4,2,4,1,4,3,7,2,4,3,5,4,4,6,8,5,8,4,6,6,6,5,2,11,3,2,4,5,6,7,2,4,2,8,5,6,2,5,4,6,3,7,13,5,2,6,5,7,1,7,5,4,10,3,2,3,6,5,4,6,6,2,3,6,3,1,0,2,3,0,2,0,0,0,0,0,0,11,11,9,15,15,14,21,27,30,23,24,25,20,33,25,22,27,15,7
397,緑ケ丘３丁目,5,0,4,4,1,1,0,2,1,0,1,0,3,4,4,5,4,3,4,5,4,2,3,7,2,3,6,4,4,1,2,2,7,9,5,3,3,10,4,1,5,7,8,9,10,11,4,10,7,8,10,6,10,9,8,5,4,8,5,3,11,10,1,2,7,6,8,2,4,6,6,4,5,1,6,6,6,9,8,6,3,3,10,2,11,1,7,8,3,2,3,0,3,0,1,0,0,0,0,0,0,14,4,12,21,18,18,25,21,39,40,43,25,31,26,22,35,29,21,7
398,緑ケ丘４丁目,1,5,6,0,2,2,3,2,2,2,2,2,4,3,4,2,1,3,2,1,3,7,3,3,4,3,5,7,4,7,5,5,4,6,6,6,4,5,5,8,2,4,4,3,5,4,8,6,9,13,8,8,1,5,8,9,5,3,4,6,5,6,5,5,10,9,10,7,4,7,8,8,9,8,4,5,3,5,7,11,8,2,6,6,5,5,4,2,1,5,1,1,1,1,0,1,0,0,0,0,0,14,11,15,9,20,26,26,28,18,40,30,27,31,37,37,31,27,17,5
399,南大野田,20,20,25,21,22,20,24,20,20,19,16,25,15,15,20,22,23,12,20,12,20,9,18,17,10,10,17,16,14,15,27,13,15,25,24,27,31,20,23,35,22,23,27,34,36,33,27,28,35,39,32,34,29,17,28,22,19,29,15,14,16,9,10,15,8,13,11,9,7,10,11,3,9,3,4,4,3,2,3,4,1,3,4,1,3,3,4,3,1,1,0,0,0,0,0,0,0,1,0,0,0,108,103,91,89,74,72,104,136,142,162,140,99,58,50,30,16,12,12,1
400,向山１丁目,3,1,2,1,1,2,4,2,1,6,0,1,0,1,4,3,3,3,6,7,3,7,4,6,12,11,8,5,8,6,6,8,7,11,9,9,10,7,2,6,5,6,8,5,9,5,5,5,8,7,3,7,3,2,3,3,12,2,1,7,7,5,9,7,5,10,4,9,9,6,10,7,2,2,7,2,4,3,5,2,3,2,0,1,6,0,2,0,0,3,1,1,2,0,0,0,1,0,0,0,0,8,15,6,22,32,38,41,34,33,30,18,25,33,38,28,16,12,5,5
401,向山２丁目,3,2,2,4,4,1,2,3,4,4,3,4,2,3,1,4,2,6,4,2,8,12,13,15,15,16,8,8,8,13,6,5,4,5,3,9,5,8,5,7,5,10,5,11,4,7,7,10,7,8,7,9,7,10,5,10,10,11,4,5,7,8,5,10,2,4,15,5,9,10,12,10,9,6,7,3,4,5,5,8,6,3,3,2,4,1,3,0,5,1,3,0,0,2,0,1,1,1,0,0,0,15,14,13,18,63,53,23,34,35,39,38,40,32,43,44,25,18,10,8
402,向山３丁目,2,4,4,4,4,2,4,6,3,7,1,6,4,1,3,3,4,5,3,6,3,4,11,11,12,11,9,13,10,8,6,9,9,6,7,7,7,5,7,6,6,5,7,2,9,6,9,9,9,5,4,6,6,5,4,4,2,4,8,3,4,3,3,2,6,3,5,7,4,2,6,5,4,5,1,1,2,3,3,5,1,0,4,4,0,2,3,2,1,2,3,2,0,1,1,0,0,1,0,0,0,18,22,15,21,41,51,37,32,29,38,25,21,18,21,21,14,9,10,8
403,向山４丁目,2,3,1,1,3,1,2,9,2,4,3,3,3,8,4,4,2,5,5,10,15,9,8,6,13,11,8,8,10,9,6,16,13,4,14,7,6,4,9,5,5,9,9,10,9,9,9,12,7,4,6,9,3,11,2,13,7,5,6,10,8,6,3,2,1,2,7,5,3,11,4,7,11,0,1,8,3,4,6,4,3,4,3,2,0,3,3,4,1,1,1,1,0,1,1,0,0,0,1,0,0,10,18,21,26,51,46,53,31,42,41,31,41,20,28,23,25,12,12,5
404,茂ケ崎１丁目,0,0,0,0,0,0,0,0,0,0,0,0,0,1,0,0,0,0,0,0,0,0,0,0,0,0,0,0,0,0,0,1,0,0,0,0,0,0,0,0,0,0,0,0,1,0,1,0,0,0,0,0,0,0,0,0,0,0,0,0,0,0,1,0,0,0,0,1,0,0,0,2,1,0,0,0,0,0,0,0,0,0,0,0,1,0,0,0,0,0,0,0,0,0,0,0,0,0,0,0,0,0,0,1,0,0,0,1,0,1,1,0,0,1,1,3,0,1,0,0
405,茂ケ崎２丁目,0,0,0,0,0,0,0,0,0,0,0,0,0,0,0,0,0,0,0,0,0,0,0,0,0,0,0,0,0,0,0,0,0,0,0,0,0,0,0,0,0,0,0,0,0,0,0,0,0,0,0,0,0,0,0,0,0,0,0,0,0,0,0,0,0,0,0,0,0,0,0,0,0,0,0,0,0,0,0,0,0,0,0,0,0,0,0,0,0,0,0,0,0,0,0,0,0,0,0,0,0,0,0,0,0,0,0,0,0,0,0,0,0,0,0,0,0,0,0,0
406,茂ケ崎３丁目,0,0,0,1,0,0,4,0,0,0,1,2,0,4,2,0,0,0,0,2,1,2,0,1,1,1,5,0,1,1,0,1,0,3,4,2,2,2,1,2,2,3,1,5,3,2,4,1,1,3,4,3,2,2,4,1,2,0,4,5,2,5,3,4,4,0,3,3,4,6,3,2,2,2,5,8,0,2,1,1,0,0,1,3,6,2,0,3,0,2,0,1,2,0,0,0,0,1,2,0,0,1,4,9,2,5,8,8,9,14,11,15,12,18,16,14,12,10,7,6
459,茂庭（大字計）,11,7,8,1,7,4,3,2,3,5,2,7,12,5,8,7,8,6,6,8,9,8,10,8,8,8,11,13,10,17,14,12,21,15,19,13,12,17,13,16,22,14,8,8,15,14,21,18,15,16,11,19,13,12,11,13,14,15,17,23,19,29,18,19,22,21,29,24,25,25,25,33,29,14,9,9,10,13,17,8,9,8,12,6,16,9,7,5,11,6,2,4,2,1,3,1,0,0,0,0,1,34,17,34,35,43,59,81,71,67,84,66,82,107,124,110,57,51,38,14
460,茂庭台１丁目,1,0,1,1,2,2,2,2,1,2,0,1,3,1,3,0,6,1,0,1,0,0,2,2,0,2,0,2,1,5,3,2,1,0,1,1,1,4,5,2,3,4,1,4,4,2,2,5,4,1,0,3,2,3,5,2,4,4,3,5,2,3,7,7,4,5,8,8,14,7,9,12,11,20,5,8,6,6,7,3,2,5,2,1,2,3,2,2,0,0,1,2,0,0,0,0,0,0,0,0,0,5,9,8,8,4,10,7,13,16,14,13,18,23,42,57,30,12,7,3
461,茂庭台２丁目,1,2,2,4,0,0,2,0,1,0,1,1,1,2,2,4,0,3,2,1,1,1,2,0,1,2,1,1,0,2,2,1,0,1,1,1,2,2,3,3,0,3,1,8,5,2,4,4,1,3,7,2,3,5,5,5,3,2,2,3,3,1,4,3,2,3,5,4,4,6,9,3,9,6,8,5,3,4,4,5,0,2,0,3,1,3,2,1,3,1,1,0,0,1,0,0,0,0,0,0,0,9,3,7,10,5,6,5,11,17,14,22,15,13,22,35,21,6,10,2
462,茂庭台３丁目,2,0,2,2,1,2,3,1,0,3,1,1,2,2,3,1,2,2,2,2,2,4,1,2,3,2,0,0,4,3,2,3,4,4,4,5,2,5,4,5,4,4,8,4,0,9,3,3,5,2,3,4,6,2,5,4,5,2,9,3,1,5,8,12,14,4,11,11,10,16,21,23,13,7,6,9,5,12,13,7,6,3,5,3,0,2,1,6,1,1,2,1,2,1,3,1,0,0,0,0,0,7,9,9,9,12,9,17,21,20,22,20,23,40,52,70,46,17,11,10
463,茂庭台４丁目,7,5,3,4,14,11,8,9,15,10,16,13,19,22,20,17,18,21,16,11,17,15,10,9,6,8,10,17,11,6,16,15,12,14,13,14,7,19,14,26,14,17,12,19,15,20,11,23,23,18,20,15,21,21,20,31,24,12,32,31,24,26,24,34,35,29,28,32,28,24,21,22,15,16,17,7,14,18,11,14,10,8,15,11,8,1,6,5,2,1,1,5,2,4,0,0,0,1,0,0,1,33,53,90,83,57,52,70,80,77,95,97,130,143,141,91,64,52,15,14
464,茂庭台５丁目,0,2,3,2,0,0,2,2,1,0,0,1,3,0,1,1,3,6,6,2,2,1,1,0,1,1,1,2,2,3,3,4,1,4,2,6,2,3,1,0,2,4,5,5,1,3,3,2,3,3,5,1,1,3,2,2,1,1,6,4,6,8,6,9,6,12,10,15,7,15,11,9,14,8,6,8,6,5,3,1,1,3,5,2,4,0,0,1,2,1,0,2,0,0,0,0,0,0,0,0,0,7,5,5,18,5,9,14,12,17,14,12,14,35,59,48,23,15,4,2
465,門前町,5,6,7,3,3,6,6,3,4,4,4,2,4,6,8,4,5,6,5,5,8,6,3,3,1,4,1,4,6,3,5,3,2,5,5,5,2,7,3,5,8,5,8,10,11,10,9,10,9,6,13,4,14,4,5,4,7,8,10,6,3,5,6,8,3,5,7,3,5,6,2,8,10,1,3,2,1,1,5,1,1,2,2,2,1,3,0,3,0,1,0,0,0,1,0,1,0,0,0,0,0,24,23,24,25,21,18,20,22,42,44,40,35,25,26,24,10,8,7,2
466,八木山香澄町,5,4,4,5,5,3,9,2,5,5,7,4,4,7,4,2,7,4,7,10,6,13,11,10,17,9,8,9,5,7,5,5,3,8,9,9,8,14,8,5,11,9,8,9,12,10,6,14,9,14,7,14,9,6,9,7,12,19,15,7,6,13,5,3,18,13,15,10,12,8,12,10,4,6,9,8,4,2,5,7,4,3,7,1,3,5,2,2,1,2,3,3,1,0,0,1,0,1,0,0,0,23,24,26,30,57,38,30,44,49,53,45,60,45,58,41,26,18,12,9
467,八木山東１丁目,2,3,3,2,1,6,8,6,1,5,1,3,3,5,4,3,3,5,2,3,5,4,1,3,2,0,3,4,4,6,3,5,3,3,7,2,5,3,7,5,6,5,4,3,4,4,6,4,6,3,5,3,5,1,2,4,5,7,5,8,3,2,5,3,3,3,7,4,6,7,8,3,5,5,3,5,5,4,6,2,5,2,2,3,3,6,2,2,1,1,0,1,0,2,0,0,0,1,0,0,0,11,26,16,16,15,17,21,22,22,23,16,29,16,27,24,22,15,12,4
468,八木山東２丁目,1,5,2,5,4,6,3,4,8,5,2,3,4,5,3,2,3,3,5,3,8,10,14,6,10,6,7,5,8,4,9,4,7,4,8,4,7,5,5,3,3,4,3,3,4,9,10,6,7,8,10,2,6,5,6,7,6,2,5,5,7,5,8,6,4,7,6,4,4,6,8,8,3,5,6,8,3,5,5,3,3,5,4,2,2,4,2,2,1,0,4,1,1,3,1,0,0,1,0,0,0,17,26,17,16,48,30,32,24,17,40,29,25,30,27,30,24,16,9,11
469,八木山本町１丁目,3,4,10,3,5,5,4,6,7,4,2,4,5,9,8,8,6,8,5,23,23,24,24,25,12,14,14,11,7,6,12,4,12,5,10,9,5,14,6,7,6,11,9,11,5,10,12,7,9,9,11,12,16,7,7,13,11,6,13,12,10,5,6,6,9,6,5,5,10,9,9,6,8,4,6,8,6,7,7,11,8,4,2,6,5,2,7,4,3,3,4,0,3,1,0,3,1,0,1,0,0,25,26,28,50,108,52,43,41,42,47,53,55,36,35,33,39,25,19,13
470,八木山本町２丁目,3,9,6,9,8,7,6,5,2,6,7,4,8,8,5,8,3,6,9,11,14,21,11,22,11,12,12,15,12,7,11,9,10,8,7,9,10,9,10,11,9,5,9,10,13,10,18,13,9,19,9,10,13,9,12,10,14,11,5,10,9,12,11,9,8,7,10,7,15,9,8,11,12,10,6,8,10,10,9,7,12,9,12,10,6,10,0,5,9,4,4,0,6,1,1,1,0,0,0,0,0,35,26,32,37,79,58,45,49,46,69,53,50,49,48,47,44,49,28,13
471,八木山松波町,0,0,1,2,5,3,1,1,2,0,1,0,0,0,2,2,2,0,3,7,4,7,3,4,4,6,5,2,1,2,2,4,6,0,3,1,3,2,7,3,1,1,5,3,4,2,4,2,6,4,3,4,3,1,0,5,2,5,5,5,2,2,4,5,6,2,8,5,2,2,3,3,2,5,4,4,3,4,3,0,0,1,4,1,3,1,2,3,1,1,2,1,0,1,0,0,1,0,0,0,0,8,7,3,14,22,16,15,16,14,18,11,22,19,19,17,14,9,8,5
472,八木山緑町,0,1,2,2,2,2,2,3,0,1,3,1,1,2,4,2,4,1,1,11,12,17,12,12,14,4,2,2,1,4,3,4,1,1,3,2,3,2,3,2,1,3,3,8,5,3,10,3,5,3,7,8,2,3,3,4,0,9,5,3,1,8,3,5,3,2,5,1,3,2,4,2,3,2,3,4,2,2,5,2,5,4,2,2,2,0,3,3,1,1,0,1,1,2,1,0,0,0,0,0,1,7,8,11,19,67,13,12,12,20,24,23,21,20,13,14,15,15,8,6
473,八木山南１丁目,2,7,3,3,2,3,6,6,2,4,4,3,5,3,3,5,3,3,4,2,2,2,2,2,5,3,1,7,5,7,3,6,7,7,3,8,7,4,4,3,4,3,7,1,5,5,14,10,5,1,5,5,5,9,5,5,2,4,6,6,2,2,6,8,2,6,5,4,3,6,4,7,7,3,7,6,5,0,8,2,8,2,5,7,2,4,0,3,2,1,1,0,1,2,0,0,0,0,0,0,0,17,21,18,17,13,23,26,26,20,35,29,23,20,24,28,21,24,10,4
474,八木山南２丁目,0,0,0,0,0,1,0,0,0,0,1,1,0,1,2,1,1,0,0,1,0,1,0,1,0,0,0,0,0,0,1,0,2,0,0,1,1,0,0,0,2,3,2,1,1,1,3,2,2,0,2,0,0,1,1,1,1,0,2,1,1,0,0,1,2,1,0,0,0,0,1,0,2,0,1,0,0,0,0,0,1,2,0,0,0,1,0,0,0,0,0,0,0,0,0,0,0,0,0,0,0,0,1,5,3,2,0,3,2,9,8,4,5,4,1,4,0,3,1,0
475,八木山南３丁目,3,2,3,2,4,3,2,4,1,3,7,0,6,3,3,6,4,5,3,8,11,2,6,7,5,3,7,7,6,6,6,1,5,4,8,7,5,2,6,2,7,4,6,2,12,4,10,9,7,5,5,4,5,5,5,4,4,5,7,3,6,2,3,2,4,5,3,2,4,3,7,8,5,2,2,2,7,3,7,3,6,3,4,5,2,2,5,3,2,2,0,0,2,0,1,0,0,1,0,0,0,14,13,19,26,31,29,24,22,31,35,24,23,17,17,24,22,20,14,4
476,八木山南４丁目,0,2,0,2,1,1,4,1,3,4,2,2,3,1,1,2,3,1,3,4,4,4,3,1,0,1,0,1,0,1,2,2,0,1,2,1,1,2,0,0,3,2,3,2,1,1,6,5,2,4,3,3,5,5,1,2,5,2,0,1,3,1,0,3,1,1,0,0,1,0,3,3,1,0,0,1,2,1,3,0,2,0,1,0,0,1,1,1,0,1,0,0,0,0,0,0,0,0,0,1,0,5,13,9,13,12,3,7,4,11,18,17,10,8,2,7,7,3,4,1
477,八木山南５丁目,1,0,0,1,1,1,3,2,0,0,0,1,0,0,0,4,0,0,0,3,0,1,0,3,1,0,0,0,0,0,0,2,0,1,1,0,1,1,1,2,2,0,1,0,2,1,1,0,4,2,2,2,1,0,1,1,1,0,1,0,2,0,1,1,1,1,2,1,1,0,0,1,0,2,1,0,1,1,1,2,2,0,0,1,0,0,2,0,0,0,0,0,0,0,0,0,0,0,0,0,0,3,6,1,7,5,0,4,5,5,8,6,3,5,5,4,5,3,2,0
478,八木山南６丁目,0,1,4,1,4,4,1,0,3,0,2,1,0,1,0,0,2,0,1,2,0,1,4,0,1,1,1,1,6,2,2,3,4,2,1,2,3,2,4,1,0,2,3,2,2,4,2,2,6,2,5,1,3,5,3,0,2,1,0,0,2,1,2,0,1,2,1,1,4,1,1,2,0,3,1,0,4,4,2,1,1,0,0,1,0,2,1,0,2,1,2,0,0,0,0,0,0,0,0,0,0,10,8,4,5,6,11,12,12,9,16,17,3,6,9,7,11,2,6,2
479,八木山弥生町,6,3,5,5,3,2,1,4,4,3,2,6,5,4,12,2,7,2,12,7,11,10,13,13,5,9,6,7,12,14,8,8,7,5,14,8,7,6,10,4,12,11,7,11,9,5,13,10,5,8,11,15,5,8,9,10,13,7,9,9,6,14,7,5,10,6,8,7,7,6,10,10,2,6,7,4,8,7,9,4,2,4,0,7,6,3,3,6,0,3,5,3,1,1,1,0,2,0,0,0,0,22,14,29,30,52,48,42,35,50,41,48,48,42,34,35,32,19,15,13
495,柳生（大字計）,3,2,2,1,4,10,7,5,2,4,5,5,3,7,6,4,7,9,5,7,1,3,4,9,7,5,2,9,4,3,6,6,7,8,4,3,4,8,9,6,4,3,11,10,9,7,9,5,7,5,9,3,5,3,6,2,8,7,5,9,5,7,5,6,10,5,7,4,5,4,9,3,6,3,4,5,5,3,5,4,4,6,3,4,2,2,1,1,5,1,0,0,0,2,0,2,0,0,0,0,0,12,28,26,32,24,23,31,30,37,33,26,31,33,25,25,22,19,10,4
496,柳生１丁目,5,2,3,2,5,2,0,1,1,2,3,2,1,2,0,3,2,0,1,2,0,1,2,3,2,3,0,1,1,3,0,1,1,5,1,4,2,3,3,1,3,4,2,3,0,2,4,2,1,3,2,3,2,1,2,1,0,0,1,2,2,2,3,4,3,1,0,3,1,2,0,2,1,0,1,2,2,1,0,1,1,3,0,0,1,0,1,0,0,0,1,0,2,0,0,0,0,0,0,0,0,17,6,8,8,8,8,8,13,12,12,10,4,14,7,4,6,5,1,3
497,柳生２丁目,13,2,9,7,10,10,8,9,8,8,7,10,9,9,8,9,7,13,11,10,5,23,8,11,17,13,11,11,9,8,8,11,11,9,8,13,12,13,8,9,9,7,8,18,18,19,13,20,15,25,22,13,21,19,21,13,20,13,13,8,10,12,8,15,13,7,11,6,9,10,7,11,4,7,2,3,6,4,2,3,2,2,2,0,1,2,0,2,2,0,0,1,1,0,0,0,0,0,0,0,0,41,43,43,50,64,52,47,55,60,92,96,67,58,43,31,18,7,6,2
498,柳生３丁目,1,1,0,2,0,1,5,6,5,7,3,4,5,7,4,3,3,1,8,1,3,4,1,1,2,2,0,2,3,2,0,1,2,2,5,1,3,2,1,6,5,9,2,6,9,3,5,9,7,9,4,3,9,3,3,5,5,3,1,1,2,1,1,0,1,3,0,1,2,3,2,3,2,3,2,1,5,1,1,2,0,0,0,0,0,0,0,0,3,1,0,0,0,0,1,0,0,0,0,0,0,4,24,23,16,11,9,10,13,31,33,22,15,5,9,12,10,0,4,1
499,柳生４丁目,4,8,8,8,8,7,6,6,5,6,8,7,11,12,9,11,4,8,8,7,7,8,3,5,8,7,6,4,5,10,5,8,6,8,17,14,9,9,8,13,9,11,15,9,12,14,14,8,9,14,12,14,11,9,12,9,9,8,10,8,10,13,3,7,6,8,5,7,8,3,1,6,1,7,6,2,2,3,2,5,0,2,2,0,0,1,1,1,1,2,1,0,0,0,0,0,0,0,0,0,0,36,30,47,38,31,32,44,53,56,59,58,44,39,31,21,14,4,6,1
500,柳生５丁目,3,6,1,3,2,3,3,2,3,3,4,0,2,1,4,1,5,4,1,3,3,3,0,5,1,8,1,3,2,4,3,1,1,5,3,5,5,3,8,6,3,1,2,9,6,4,5,2,4,3,5,3,4,4,3,9,3,5,6,4,3,4,3,7,6,4,2,4,4,1,2,6,2,5,3,4,2,2,1,3,0,2,4,1,4,0,0,1,0,0,1,1,1,0,0,0,0,0,0,0,0,15,14,11,14,12,18,13,27,21,18,19,27,23,15,18,12,11,1,3
501,柳生６丁目,2,2,3,3,3,2,4,1,2,1,3,4,3,3,2,6,7,7,4,5,7,6,3,9,2,3,5,6,3,3,1,2,4,6,6,6,3,7,4,9,5,2,14,5,7,5,11,5,8,5,5,10,10,8,4,6,2,5,3,7,1,5,5,5,1,2,5,4,5,5,5,4,3,3,2,6,0,3,1,1,0,1,0,0,1,2,1,1,0,0,0,0,0,1,0,0,0,0,0,0,0,13,10,15,29,27,20,19,29,33,34,37,23,17,21,17,11,2,4,1
502,柳生７丁目,6,5,4,9,3,6,3,7,4,6,8,8,6,3,7,7,7,3,5,9,7,9,6,5,3,4,6,3,5,3,7,4,7,4,8,4,8,6,9,10,2,8,6,6,11,5,6,8,8,7,9,5,13,8,6,7,11,6,2,9,3,3,7,2,5,2,5,4,3,3,5,3,3,2,6,1,6,1,4,1,1,1,0,0,1,0,1,0,0,0,0,0,1,0,1,0,0,0,0,0,0,27,26,32,31,30,21,30,37,33,34,41,35,20,17,19,13,3,1,2
510,山田（大字計）,2,0,1,0,0,1,1,1,0,2,1,2,1,0,0,0,2,0,2,0,1,0,1,1,0,3,0,1,4,1,2,5,1,1,1,2,0,1,2,1,1,0,1,1,1,1,1,2,1,0,2,4,1,1,3,3,1,2,0,1,2,2,0,2,1,0,1,1,3,2,1,2,2,4,0,2,2,0,0,1,2,1,1,0,1,2,0,0,1,0,0,0,0,0,0,0,0,0,0,0,1,3,5,4,4,3,9,10,6,4,5,11,7,7,7,9,5,5,3,1
511,山田上ノ台町,4,5,5,2,5,2,1,6,3,2,5,4,2,4,2,7,3,2,3,2,8,4,4,6,6,8,0,6,6,6,4,2,5,4,3,6,4,8,4,12,7,6,5,7,6,6,4,7,4,3,5,5,8,4,9,6,1,2,4,6,5,5,6,5,7,7,8,7,11,6,13,7,9,5,6,6,7,3,4,1,3,2,0,1,0,3,2,0,3,0,1,0,1,0,0,0,0,0,0,0,0,21,14,17,17,28,26,18,34,31,24,31,19,28,39,40,21,6,8,2
512,山田北前町,5,3,5,4,6,5,9,7,7,3,7,4,9,4,9,8,7,8,7,3,3,4,3,2,5,5,6,5,3,4,4,7,7,10,6,9,7,6,8,5,10,10,10,18,11,10,13,12,7,7,8,9,7,3,8,5,6,9,3,4,4,6,12,8,6,9,10,8,12,8,10,9,13,7,8,4,9,7,7,2,8,3,8,12,3,5,4,2,3,1,2,1,0,1,0,1,0,0,0,0,0,23,31,33,33,17,23,34,35,59,49,35,27,36,47,47,29,34,15,5
513,山田新町,0,0,0,1,0,0,0,0,0,0,0,0,0,0,0,1,0,0,0,0,0,0,0,0,0,1,0,0,0,0,0,1,0,1,0,0,1,0,0,0,0,0,0,0,1,1,0,0,0,1,0,0,0,0,0,0,0,0,0,1,0,1,0,0,0,0,0,0,0,1,1,1,0,0,0,0,0,0,0,0,0,0,0,0,0,1,0,0,0,0,0,0,1,0,0,0,0,0,0,0,0,1,0,0,1,0,1,2,1,1,2,0,1,1,1,2,0,0,1,1
514,山田自由ケ丘,1,2,1,1,0,1,3,1,2,1,1,2,5,1,1,0,1,3,1,3,1,1,2,2,4,4,9,1,3,3,2,1,0,2,5,3,4,2,2,4,3,2,7,3,6,4,4,8,4,5,8,4,6,4,4,6,6,5,3,4,4,3,1,5,6,3,4,8,7,8,10,8,10,6,6,7,7,6,6,7,8,4,5,4,3,0,2,3,0,0,1,1,0,0,1,2,0,0,0,0,0,5,8,10,8,10,20,10,15,21,25,26,24,19,30,40,33,24,5,5
515,山田本町,7,3,3,5,8,4,5,7,4,9,4,8,10,14,7,7,8,7,3,8,2,6,5,1,2,6,2,2,7,12,9,6,7,7,7,12,11,11,10,8,4,8,8,10,17,14,9,12,8,8,3,5,5,4,6,0,2,5,4,2,3,6,6,8,3,8,6,6,11,10,6,9,8,8,7,3,4,8,2,2,4,3,1,1,1,2,4,0,0,0,2,1,1,0,1,1,1,0,0,0,0,26,29,43,33,16,29,36,52,47,51,23,13,26,41,38,19,10,6,7
516,若葉町,1,2,1,1,5,0,2,2,5,5,1,4,2,1,2,1,5,9,2,4,6,10,3,2,3,5,5,4,1,3,2,2,7,4,0,5,6,3,4,4,4,6,6,5,5,6,8,4,7,7,1,5,7,4,4,10,8,6,7,3,4,3,3,5,5,4,3,5,7,5,4,3,9,0,6,4,3,4,2,1,4,6,8,6,7,6,4,2,1,3,1,2,0,0,0,0,0,1,0,0,0,10,14,10,21,24,18,15,22,26,32,21,34,20,24,22,14,31,16,4
